# This is a new UV Fe template
# [1000, 2200] use Vestergaard01 [Fe_UVtemplt_A.asc]
# [2200, 3090] use Salvainder06, which extrapolates undernearth the MgII line;
# The Salvainder template has a coarse wavelength sampling than Vestergaard,
# so I interpolate it to the Vestergaard wavelength dispersion
# [3090, 3500] use Tsuzuki06, the wavelength dispersion is similar
# (although slightly larger) to Vestergaard
## log10(wave)  flux (erg/s/cm2/A)  dispersion=103.6 km/s
 3.03140e+00  0.00000e+00
 3.03155e+00  0.00000e+00
 3.03170e+00  0.00000e+00
 3.03185e+00  0.00000e+00
 3.03200e+00  0.00000e+00
 3.03215e+00  0.00000e+00
 3.03230e+00  0.00000e+00
 3.03245e+00  0.00000e+00
 3.03260e+00  0.00000e+00
 3.03275e+00  0.00000e+00
 3.03290e+00  0.00000e+00
 3.03305e+00  0.00000e+00
 3.03320e+00  0.00000e+00
 3.03335e+00  0.00000e+00
 3.03350e+00  0.00000e+00
 3.03365e+00  0.00000e+00
 3.03380e+00  0.00000e+00
 3.03395e+00  0.00000e+00
 3.03410e+00  0.00000e+00
 3.03425e+00  0.00000e+00
 3.03440e+00  0.00000e+00
 3.03455e+00  0.00000e+00
 3.03470e+00  0.00000e+00
 3.03485e+00  0.00000e+00
 3.03500e+00  0.00000e+00
 3.03515e+00  0.00000e+00
 3.03530e+00  0.00000e+00
 3.03545e+00  0.00000e+00
 3.03560e+00  0.00000e+00
 3.03575e+00  0.00000e+00
 3.03590e+00  0.00000e+00
 3.03605e+00  0.00000e+00
 3.03620e+00  0.00000e+00
 3.03635e+00  0.00000e+00
 3.03650e+00  0.00000e+00
 3.03665e+00  0.00000e+00
 3.03680e+00  0.00000e+00
 3.03695e+00  0.00000e+00
 3.03710e+00  0.00000e+00
 3.03725e+00  0.00000e+00
 3.03740e+00  0.00000e+00
 3.03755e+00  0.00000e+00
 3.03770e+00  0.00000e+00
 3.03785e+00  0.00000e+00
 3.03800e+00  0.00000e+00
 3.03815e+00  0.00000e+00
 3.03830e+00  0.00000e+00
 3.03845e+00  0.00000e+00
 3.03860e+00  0.00000e+00
 3.03875e+00  0.00000e+00
 3.03890e+00  0.00000e+00
 3.03905e+00  0.00000e+00
 3.03920e+00  0.00000e+00
 3.03935e+00  0.00000e+00
 3.03950e+00  0.00000e+00
 3.03965e+00  0.00000e+00
 3.03980e+00  0.00000e+00
 3.03995e+00  0.00000e+00
 3.04010e+00  0.00000e+00
 3.04025e+00  0.00000e+00
 3.04040e+00  0.00000e+00
 3.04055e+00  0.00000e+00
 3.04070e+00  0.00000e+00
 3.04085e+00  0.00000e+00
 3.04100e+00  0.00000e+00
 3.04115e+00  0.00000e+00
 3.04130e+00  0.00000e+00
 3.04145e+00  0.00000e+00
 3.04160e+00  0.00000e+00
 3.04175e+00  0.00000e+00
 3.04190e+00  0.00000e+00
 3.04205e+00  0.00000e+00
 3.04220e+00  0.00000e+00
 3.04235e+00  0.00000e+00
 3.04250e+00  0.00000e+00
 3.04265e+00  0.00000e+00
 3.04280e+00  0.00000e+00
 3.04295e+00  0.00000e+00
 3.04310e+00  0.00000e+00
 3.04325e+00  0.00000e+00
 3.04340e+00  0.00000e+00
 3.04355e+00  0.00000e+00
 3.04370e+00  0.00000e+00
 3.04385e+00  0.00000e+00
 3.04400e+00  0.00000e+00
 3.04415e+00  0.00000e+00
 3.04430e+00  0.00000e+00
 3.04445e+00  0.00000e+00
 3.04460e+00  0.00000e+00
 3.04475e+00  0.00000e+00
 3.04490e+00  0.00000e+00
 3.04505e+00  0.00000e+00
 3.04520e+00  0.00000e+00
 3.04535e+00  0.00000e+00
 3.04550e+00  0.00000e+00
 3.04565e+00  0.00000e+00
 3.04580e+00  0.00000e+00
 3.04595e+00  0.00000e+00
 3.04610e+00  0.00000e+00
 3.04625e+00  0.00000e+00
 3.04640e+00  0.00000e+00
 3.04655e+00  0.00000e+00
 3.04670e+00  0.00000e+00
 3.04685e+00  0.00000e+00
 3.04700e+00  0.00000e+00
 3.04715e+00  0.00000e+00
 3.04730e+00  0.00000e+00
 3.04745e+00  0.00000e+00
 3.04760e+00  0.00000e+00
 3.04775e+00  0.00000e+00
 3.04790e+00  0.00000e+00
 3.04805e+00  0.00000e+00
 3.04820e+00  0.00000e+00
 3.04835e+00  0.00000e+00
 3.04850e+00  0.00000e+00
 3.04865e+00  0.00000e+00
 3.04880e+00  0.00000e+00
 3.04895e+00  0.00000e+00
 3.04910e+00  0.00000e+00
 3.04925e+00  0.00000e+00
 3.04940e+00  0.00000e+00
 3.04955e+00  0.00000e+00
 3.04970e+00  0.00000e+00
 3.04985e+00  0.00000e+00
 3.05000e+00  0.00000e+00
 3.05015e+00  0.00000e+00
 3.05030e+00  0.00000e+00
 3.05045e+00  0.00000e+00
 3.05060e+00  0.00000e+00
 3.05075e+00  0.00000e+00
 3.05090e+00  0.00000e+00
 3.05105e+00  0.00000e+00
 3.05120e+00  0.00000e+00
 3.05135e+00  0.00000e+00
 3.05150e+00  0.00000e+00
 3.05165e+00  0.00000e+00
 3.05180e+00  0.00000e+00
 3.05195e+00  0.00000e+00
 3.05210e+00  0.00000e+00
 3.05225e+00  0.00000e+00
 3.05240e+00  0.00000e+00
 3.05255e+00  0.00000e+00
 3.05270e+00  0.00000e+00
 3.05285e+00  0.00000e+00
 3.05300e+00  0.00000e+00
 3.05315e+00  0.00000e+00
 3.05330e+00  0.00000e+00
 3.05345e+00  0.00000e+00
 3.05360e+00  0.00000e+00
 3.05375e+00  0.00000e+00
 3.05390e+00  0.00000e+00
 3.05405e+00  0.00000e+00
 3.05420e+00  0.00000e+00
 3.05435e+00  0.00000e+00
 3.05450e+00  0.00000e+00
 3.05465e+00  0.00000e+00
 3.05480e+00  0.00000e+00
 3.05495e+00  0.00000e+00
 3.05510e+00  0.00000e+00
 3.05525e+00  0.00000e+00
 3.05540e+00  0.00000e+00
 3.05555e+00  0.00000e+00
 3.05570e+00  0.00000e+00
 3.05585e+00  0.00000e+00
 3.05600e+00  0.00000e+00
 3.05615e+00  0.00000e+00
 3.05630e+00  0.00000e+00
 3.05645e+00  0.00000e+00
 3.05660e+00  0.00000e+00
 3.05675e+00  0.00000e+00
 3.05690e+00  0.00000e+00
 3.05705e+00  0.00000e+00
 3.05720e+00  0.00000e+00
 3.05735e+00  0.00000e+00
 3.05750e+00  0.00000e+00
 3.05765e+00  0.00000e+00
 3.05780e+00  0.00000e+00
 3.05795e+00  0.00000e+00
 3.05810e+00  0.00000e+00
 3.05825e+00  0.00000e+00
 3.05840e+00  0.00000e+00
 3.05855e+00  0.00000e+00
 3.05870e+00  0.00000e+00
 3.05885e+00  0.00000e+00
 3.05900e+00  0.00000e+00
 3.05915e+00  0.00000e+00
 3.05930e+00  0.00000e+00
 3.05945e+00  0.00000e+00
 3.05960e+00  0.00000e+00
 3.05975e+00  0.00000e+00
 3.05990e+00  0.00000e+00
 3.06005e+00  0.00000e+00
 3.06020e+00  0.00000e+00
 3.06035e+00  0.00000e+00
 3.06050e+00  0.00000e+00
 3.06065e+00  0.00000e+00
 3.06080e+00  0.00000e+00
 3.06095e+00  0.00000e+00
 3.06110e+00  0.00000e+00
 3.06125e+00  0.00000e+00
 3.06140e+00  0.00000e+00
 3.06155e+00  0.00000e+00
 3.06170e+00  0.00000e+00
 3.06185e+00  0.00000e+00
 3.06200e+00  0.00000e+00
 3.06215e+00  0.00000e+00
 3.06230e+00  0.00000e+00
 3.06245e+00  0.00000e+00
 3.06260e+00  0.00000e+00
 3.06275e+00  0.00000e+00
 3.06290e+00  0.00000e+00
 3.06305e+00  0.00000e+00
 3.06320e+00  0.00000e+00
 3.06335e+00  0.00000e+00
 3.06350e+00  0.00000e+00
 3.06365e+00  0.00000e+00
 3.06380e+00  0.00000e+00
 3.06395e+00  0.00000e+00
 3.06410e+00  0.00000e+00
 3.06425e+00  0.00000e+00
 3.06440e+00  0.00000e+00
 3.06455e+00  0.00000e+00
 3.06470e+00  0.00000e+00
 3.06485e+00  0.00000e+00
 3.06500e+00  0.00000e+00
 3.06515e+00  0.00000e+00
 3.06530e+00  0.00000e+00
 3.06545e+00  0.00000e+00
 3.06560e+00  0.00000e+00
 3.06575e+00  0.00000e+00
 3.06590e+00  0.00000e+00
 3.06605e+00  0.00000e+00
 3.06620e+00  0.00000e+00
 3.06635e+00  0.00000e+00
 3.06650e+00  0.00000e+00
 3.06665e+00  0.00000e+00
 3.06680e+00  0.00000e+00
 3.06695e+00  0.00000e+00
 3.06710e+00  0.00000e+00
 3.06725e+00  0.00000e+00
 3.06740e+00  0.00000e+00
 3.06755e+00  0.00000e+00
 3.06770e+00  0.00000e+00
 3.06785e+00  0.00000e+00
 3.06800e+00  0.00000e+00
 3.06815e+00  0.00000e+00
 3.06830e+00  0.00000e+00
 3.06845e+00  0.00000e+00
 3.06860e+00  0.00000e+00
 3.06875e+00  0.00000e+00
 3.06890e+00  0.00000e+00
 3.06905e+00  0.00000e+00
 3.06920e+00  0.00000e+00
 3.06935e+00  0.00000e+00
 3.06950e+00  0.00000e+00
 3.06965e+00  0.00000e+00
 3.06980e+00  0.00000e+00
 3.06995e+00  0.00000e+00
 3.07010e+00  0.00000e+00
 3.07025e+00  0.00000e+00
 3.07040e+00  0.00000e+00
 3.07055e+00  0.00000e+00
 3.07070e+00  0.00000e+00
 3.07085e+00  0.00000e+00
 3.07100e+00  0.00000e+00
 3.07115e+00  0.00000e+00
 3.07130e+00  0.00000e+00
 3.07145e+00  0.00000e+00
 3.07160e+00  0.00000e+00
 3.07175e+00  0.00000e+00
 3.07190e+00  0.00000e+00
 3.07205e+00  0.00000e+00
 3.07220e+00  0.00000e+00
 3.07235e+00  0.00000e+00
 3.07250e+00  0.00000e+00
 3.07265e+00  0.00000e+00
 3.07280e+00  0.00000e+00
 3.07295e+00  0.00000e+00
 3.07310e+00  0.00000e+00
 3.07325e+00  0.00000e+00
 3.07340e+00  0.00000e+00
 3.07355e+00  0.00000e+00
 3.07370e+00  0.00000e+00
 3.07385e+00  0.00000e+00
 3.07400e+00  0.00000e+00
 3.07415e+00  0.00000e+00
 3.07430e+00  0.00000e+00
 3.07445e+00  0.00000e+00
 3.07460e+00  0.00000e+00
 3.07475e+00  0.00000e+00
 3.07490e+00  0.00000e+00
 3.07505e+00  0.00000e+00
 3.07520e+00  0.00000e+00
 3.07535e+00  0.00000e+00
 3.07550e+00  0.00000e+00
 3.07565e+00  0.00000e+00
 3.07580e+00  0.00000e+00
 3.07595e+00  0.00000e+00
 3.07610e+00  0.00000e+00
 3.07625e+00  0.00000e+00
 3.07640e+00  0.00000e+00
 3.07655e+00  0.00000e+00
 3.07670e+00  0.00000e+00
 3.07685e+00  0.00000e+00
 3.07700e+00  0.00000e+00
 3.07715e+00  0.00000e+00
 3.07730e+00  0.00000e+00
 3.07745e+00  0.00000e+00
 3.07760e+00  0.00000e+00
 3.07775e+00  0.00000e+00
 3.07790e+00  0.00000e+00
 3.07805e+00  0.00000e+00
 3.07820e+00  0.00000e+00
 3.07835e+00  0.00000e+00
 3.07850e+00  0.00000e+00
 3.07865e+00  0.00000e+00
 3.07880e+00  0.00000e+00
 3.07895e+00  0.00000e+00
 3.07910e+00  0.00000e+00
 3.07925e+00  0.00000e+00
 3.07940e+00  0.00000e+00
 3.07955e+00  0.00000e+00
 3.07970e+00  0.00000e+00
 3.07985e+00  0.00000e+00
 3.08000e+00  0.00000e+00
 3.08015e+00  0.00000e+00
 3.08030e+00  0.00000e+00
 3.08045e+00  0.00000e+00
 3.08060e+00  0.00000e+00
 3.08075e+00  0.00000e+00
 3.08090e+00  0.00000e+00
 3.08105e+00  0.00000e+00
 3.08120e+00  0.00000e+00
 3.08135e+00  0.00000e+00
 3.08150e+00  0.00000e+00
 3.08165e+00  0.00000e+00
 3.08180e+00  0.00000e+00
 3.08195e+00  0.00000e+00
 3.08210e+00  0.00000e+00
 3.08225e+00  0.00000e+00
 3.08240e+00  0.00000e+00
 3.08255e+00  0.00000e+00
 3.08270e+00  0.00000e+00
 3.08285e+00  0.00000e+00
 3.08300e+00  0.00000e+00
 3.08315e+00  0.00000e+00
 3.08330e+00  0.00000e+00
 3.08345e+00  0.00000e+00
 3.08360e+00  0.00000e+00
 3.08375e+00  0.00000e+00
 3.08390e+00  0.00000e+00
 3.08405e+00  0.00000e+00
 3.08420e+00  0.00000e+00
 3.08435e+00  0.00000e+00
 3.08450e+00  0.00000e+00
 3.08465e+00  0.00000e+00
 3.08480e+00  0.00000e+00
 3.08495e+00  0.00000e+00
 3.08510e+00  0.00000e+00
 3.08525e+00  0.00000e+00
 3.08540e+00  0.00000e+00
 3.08555e+00  0.00000e+00
 3.08570e+00  0.00000e+00
 3.08585e+00  0.00000e+00
 3.08600e+00  0.00000e+00
 3.08615e+00  0.00000e+00
 3.08630e+00  0.00000e+00
 3.08645e+00  0.00000e+00
 3.08660e+00  0.00000e+00
 3.08675e+00  0.00000e+00
 3.08690e+00  0.00000e+00
 3.08705e+00  0.00000e+00
 3.08720e+00  0.00000e+00
 3.08735e+00  0.00000e+00
 3.08750e+00  0.00000e+00
 3.08765e+00  0.00000e+00
 3.08780e+00  0.00000e+00
 3.08795e+00  0.00000e+00
 3.08810e+00  0.00000e+00
 3.08825e+00  0.00000e+00
 3.08840e+00  0.00000e+00
 3.08855e+00  0.00000e+00
 3.08870e+00  0.00000e+00
 3.08885e+00  0.00000e+00
 3.08900e+00  0.00000e+00
 3.08915e+00  0.00000e+00
 3.08930e+00  0.00000e+00
 3.08945e+00  0.00000e+00
 3.08960e+00  0.00000e+00
 3.08975e+00  0.00000e+00
 3.08990e+00  0.00000e+00
 3.09005e+00  0.00000e+00
 3.09020e+00  0.00000e+00
 3.09035e+00  0.00000e+00
 3.09050e+00  0.00000e+00
 3.09065e+00  0.00000e+00
 3.09080e+00  0.00000e+00
 3.09095e+00  0.00000e+00
 3.09110e+00  0.00000e+00
 3.09125e+00  0.00000e+00
 3.09140e+00  0.00000e+00
 3.09155e+00  0.00000e+00
 3.09170e+00  0.00000e+00
 3.09185e+00  0.00000e+00
 3.09200e+00  0.00000e+00
 3.09215e+00  0.00000e+00
 3.09230e+00  0.00000e+00
 3.09245e+00  0.00000e+00
 3.09260e+00  0.00000e+00
 3.09275e+00  0.00000e+00
 3.09290e+00  0.00000e+00
 3.09305e+00  0.00000e+00
 3.09320e+00  0.00000e+00
 3.09335e+00  0.00000e+00
 3.09350e+00  0.00000e+00
 3.09365e+00  0.00000e+00
 3.09380e+00  0.00000e+00
 3.09395e+00  0.00000e+00
 3.09410e+00  0.00000e+00
 3.09425e+00  0.00000e+00
 3.09440e+00  0.00000e+00
 3.09455e+00  0.00000e+00
 3.09470e+00  0.00000e+00
 3.09485e+00  0.00000e+00
 3.09500e+00  0.00000e+00
 3.09515e+00  0.00000e+00
 3.09530e+00  0.00000e+00
 3.09545e+00  0.00000e+00
 3.09560e+00  0.00000e+00
 3.09575e+00  0.00000e+00
 3.09590e+00  0.00000e+00
 3.09605e+00  0.00000e+00
 3.09620e+00  0.00000e+00
 3.09635e+00  0.00000e+00
 3.09650e+00  0.00000e+00
 3.09665e+00  0.00000e+00
 3.09680e+00  0.00000e+00
 3.09695e+00  0.00000e+00
 3.09710e+00  5.58372e-16
 3.09725e+00  1.99309e-15
 3.09740e+00  1.06707e-15
 3.09755e+00  1.04100e-15
 3.09770e+00  1.60694e-16
 3.09785e+00  2.36544e-15
 3.09800e+00  2.77270e-15
 3.09815e+00  3.72062e-15
 3.09830e+00  6.02322e-15
 3.09845e+00  6.76999e-15
 3.09860e+00  4.96414e-15
 3.09875e+00  4.30998e-15
 3.09890e+00  0.00000e+00
 3.09905e+00  0.00000e+00
 3.09920e+00  0.00000e+00
 3.09935e+00  0.00000e+00
 3.09950e+00  0.00000e+00
 3.09965e+00  0.00000e+00
 3.09980e+00  0.00000e+00
 3.09995e+00  0.00000e+00
 3.10010e+00  0.00000e+00
 3.10025e+00  0.00000e+00
 3.10040e+00  0.00000e+00
 3.10055e+00  0.00000e+00
 3.10070e+00  0.00000e+00
 3.10085e+00  0.00000e+00
 3.10100e+00  0.00000e+00
 3.10115e+00  0.00000e+00
 3.10130e+00  0.00000e+00
 3.10145e+00  0.00000e+00
 3.10160e+00  0.00000e+00
 3.10175e+00  0.00000e+00
 3.10190e+00  0.00000e+00
 3.10205e+00  0.00000e+00
 3.10220e+00  0.00000e+00
 3.10235e+00  0.00000e+00
 3.10250e+00  0.00000e+00
 3.10265e+00  0.00000e+00
 3.10280e+00  0.00000e+00
 3.10295e+00  5.71611e-16
 3.10310e+00  2.08250e-15
 3.10325e+00  3.36317e-15
 3.10340e+00  2.79468e-15
 3.10355e+00  2.27290e-15
 3.10370e+00  7.85197e-17
 3.10385e+00  5.60702e-18
 3.10400e+00  2.29109e-15
 3.10415e+00  2.62249e-15
 3.10430e+00  2.82090e-15
 3.10445e+00  3.44552e-15
 3.10460e+00  3.69595e-15
 3.10475e+00  4.20493e-15
 3.10490e+00  4.82810e-15
 3.10505e+00  3.66104e-15
 3.10520e+00  4.68919e-15
 3.10535e+00  5.99280e-15
 3.10550e+00  6.24943e-15
 3.10565e+00  3.27648e-15
 3.10580e+00  6.54997e-16
 3.10595e+00  0.00000e+00
 3.10610e+00  0.00000e+00
 3.10625e+00  0.00000e+00
 3.10640e+00  0.00000e+00
 3.10655e+00  0.00000e+00
 3.10670e+00  0.00000e+00
 3.10685e+00  0.00000e+00
 3.10700e+00  0.00000e+00
 3.10715e+00  0.00000e+00
 3.10730e+00  0.00000e+00
 3.10745e+00  0.00000e+00
 3.10760e+00  0.00000e+00
 3.10775e+00  4.11022e-16
 3.10790e+00  1.11977e-15
 3.10805e+00  1.34049e-15
 3.10820e+00  2.24700e-15
 3.10835e+00  3.23383e-15
 3.10850e+00  2.39424e-15
 3.10865e+00  1.84195e-15
 3.10880e+00  9.93534e-16
 3.10895e+00  1.47563e-15
 3.10910e+00  2.96344e-15
 3.10925e+00  3.54854e-15
 3.10940e+00  4.12558e-15
 3.10955e+00  3.76067e-15
 3.10970e+00  4.46471e-15
 3.10985e+00  3.37997e-15
 3.11000e+00  2.39836e-15
 3.11015e+00  1.85936e-15
 3.11030e+00  1.17760e-15
 3.11045e+00  1.70788e-15
 3.11060e+00  7.53774e-16
 3.11075e+00  2.64109e-15
 3.11090e+00  2.46937e-15
 3.11105e+00  1.13950e-15
 3.11120e+00  1.28214e-16
 3.11135e+00  0.00000e+00
 3.11150e+00  0.00000e+00
 3.11165e+00  0.00000e+00
 3.11180e+00  0.00000e+00
 3.11195e+00  0.00000e+00
 3.11210e+00  0.00000e+00
 3.11225e+00  0.00000e+00
 3.11240e+00  0.00000e+00
 3.11255e+00  0.00000e+00
 3.11270e+00  0.00000e+00
 3.11285e+00  0.00000e+00
 3.11300e+00  0.00000e+00
 3.11315e+00  0.00000e+00
 3.11330e+00  0.00000e+00
 3.11345e+00  0.00000e+00
 3.11360e+00  0.00000e+00
 3.11375e+00  0.00000e+00
 3.11390e+00  0.00000e+00
 3.11405e+00  0.00000e+00
 3.11420e+00  0.00000e+00
 3.11435e+00  0.00000e+00
 3.11450e+00  0.00000e+00
 3.11465e+00  0.00000e+00
 3.11480e+00  0.00000e+00
 3.11495e+00  0.00000e+00
 3.11510e+00  0.00000e+00
 3.11525e+00  0.00000e+00
 3.11540e+00  0.00000e+00
 3.11555e+00  0.00000e+00
 3.11570e+00  0.00000e+00
 3.11585e+00  0.00000e+00
 3.11600e+00  0.00000e+00
 3.11615e+00  0.00000e+00
 3.11630e+00  0.00000e+00
 3.11645e+00  0.00000e+00
 3.11660e+00  0.00000e+00
 3.11675e+00  0.00000e+00
 3.11690e+00  0.00000e+00
 3.11705e+00  0.00000e+00
 3.11720e+00  0.00000e+00
 3.11735e+00  0.00000e+00
 3.11750e+00  0.00000e+00
 3.11765e+00  0.00000e+00
 3.11780e+00  0.00000e+00
 3.11795e+00  0.00000e+00
 3.11810e+00  0.00000e+00
 3.11825e+00  0.00000e+00
 3.11840e+00  0.00000e+00
 3.11855e+00  0.00000e+00
 3.11870e+00  0.00000e+00
 3.11885e+00  0.00000e+00
 3.11900e+00  0.00000e+00
 3.11915e+00  0.00000e+00
 3.11930e+00  0.00000e+00
 3.11945e+00  0.00000e+00
 3.11960e+00  0.00000e+00
 3.11975e+00  0.00000e+00
 3.11990e+00  0.00000e+00
 3.12005e+00  0.00000e+00
 3.12020e+00  0.00000e+00
 3.12035e+00  0.00000e+00
 3.12050e+00  0.00000e+00
 3.12065e+00  0.00000e+00
 3.12080e+00  0.00000e+00
 3.12095e+00  0.00000e+00
 3.12110e+00  0.00000e+00
 3.12125e+00  0.00000e+00
 3.12140e+00  0.00000e+00
 3.12155e+00  0.00000e+00
 3.12170e+00  0.00000e+00
 3.12185e+00  0.00000e+00
 3.12200e+00  0.00000e+00
 3.12215e+00  0.00000e+00
 3.12230e+00  0.00000e+00
 3.12245e+00  0.00000e+00
 3.12260e+00  0.00000e+00
 3.12275e+00  0.00000e+00
 3.12290e+00  0.00000e+00
 3.12305e+00  0.00000e+00
 3.12320e+00  0.00000e+00
 3.12335e+00  0.00000e+00
 3.12350e+00  0.00000e+00
 3.12365e+00  0.00000e+00
 3.12380e+00  0.00000e+00
 3.12395e+00  0.00000e+00
 3.12410e+00  0.00000e+00
 3.12425e+00  0.00000e+00
 3.12440e+00  0.00000e+00
 3.12455e+00  0.00000e+00
 3.12470e+00  0.00000e+00
 3.12485e+00  0.00000e+00
 3.12500e+00  0.00000e+00
 3.12515e+00  0.00000e+00
 3.12530e+00  0.00000e+00
 3.12545e+00  0.00000e+00
 3.12560e+00  0.00000e+00
 3.12575e+00  0.00000e+00
 3.12590e+00  0.00000e+00
 3.12605e+00  0.00000e+00
 3.12620e+00  0.00000e+00
 3.12635e+00  0.00000e+00
 3.12650e+00  0.00000e+00
 3.12665e+00  0.00000e+00
 3.12680e+00  0.00000e+00
 3.12695e+00  0.00000e+00
 3.12710e+00  0.00000e+00
 3.12725e+00  0.00000e+00
 3.12740e+00  0.00000e+00
 3.12755e+00  0.00000e+00
 3.12770e+00  0.00000e+00
 3.12785e+00  0.00000e+00
 3.12800e+00  0.00000e+00
 3.12815e+00  0.00000e+00
 3.12830e+00  0.00000e+00
 3.12845e+00  0.00000e+00
 3.12860e+00  0.00000e+00
 3.12875e+00  0.00000e+00
 3.12890e+00  0.00000e+00
 3.12905e+00  0.00000e+00
 3.12920e+00  0.00000e+00
 3.12935e+00  0.00000e+00
 3.12950e+00  0.00000e+00
 3.12965e+00  0.00000e+00
 3.12980e+00  0.00000e+00
 3.12995e+00  0.00000e+00
 3.13010e+00  0.00000e+00
 3.13025e+00  0.00000e+00
 3.13040e+00  0.00000e+00
 3.13055e+00  0.00000e+00
 3.13070e+00  0.00000e+00
 3.13085e+00  0.00000e+00
 3.13100e+00  0.00000e+00
 3.13115e+00  0.00000e+00
 3.13130e+00  0.00000e+00
 3.13145e+00  0.00000e+00
 3.13160e+00  8.71126e-16
 3.13175e+00  1.52566e-15
 3.13190e+00  2.14720e-15
 3.13205e+00  3.12396e-15
 3.13220e+00  3.15771e-15
 3.13235e+00  2.60450e-15
 3.13250e+00  3.01140e-15
 3.13265e+00  3.11838e-15
 3.13280e+00  3.45096e-15
 3.13295e+00  3.93911e-15
 3.13310e+00  5.15440e-15
 3.13325e+00  6.76224e-15
 3.13340e+00  6.34890e-15
 3.13355e+00  4.73104e-15
 3.13370e+00  4.67807e-15
 3.13385e+00  5.20744e-15
 3.13400e+00  4.98392e-15
 3.13415e+00  5.52921e-15
 3.13430e+00  5.33596e-15
 3.13445e+00  5.73973e-15
 3.13460e+00  4.88994e-15
 3.13475e+00  3.50042e-15
 3.13490e+00  3.91320e-15
 3.13505e+00  4.41735e-15
 3.13520e+00  4.18883e-15
 3.13535e+00  3.14767e-15
 3.13550e+00  2.43305e-15
 3.13565e+00  3.01984e-15
 3.13580e+00  1.76431e-15
 3.13595e+00  1.65385e-15
 3.13610e+00  1.78182e-15
 3.13625e+00  4.55002e-15
 3.13640e+00  2.15856e-15
 3.13655e+00  7.30377e-16
 3.13670e+00  2.40993e-15
 3.13685e+00  2.79867e-15
 3.13700e+00  1.35379e-15
 3.13715e+00  1.34847e-15
 3.13730e+00  1.43606e-16
 3.13745e+00  1.83074e-15
 3.13760e+00  1.53225e-15
 3.13775e+00  6.23143e-16
 3.13790e+00  4.10060e-16
 3.13805e+00  2.36323e-15
 3.13820e+00  3.01895e-15
 3.13835e+00  1.96480e-15
 3.13850e+00  3.76305e-16
 3.13865e+00  5.87297e-16
 3.13880e+00  1.95635e-16
 3.13895e+00  0.00000e+00
 3.13910e+00  0.00000e+00
 3.13925e+00  0.00000e+00
 3.13940e+00  2.00191e-15
 3.13955e+00  3.55556e-15
 3.13970e+00  1.26998e-15
 3.13985e+00  3.16882e-16
 3.14000e+00  3.97925e-16
 3.14015e+00  2.45813e-16
 3.14030e+00  2.97480e-15
 3.14045e+00  2.69837e-15
 3.14060e+00  9.15351e-16
 3.14075e+00  2.47449e-15
 3.14090e+00  3.35618e-15
 3.14105e+00  4.07217e-15
 3.14120e+00  3.86003e-15
 3.14135e+00  1.50262e-15
 3.14150e+00  9.96977e-17
 3.14165e+00  0.00000e+00
 3.14180e+00  8.30823e-16
 3.14195e+00  1.27412e-15
 3.14210e+00  6.25265e-16
 3.14225e+00  3.61812e-16
 3.14240e+00  2.92424e-16
 3.14255e+00  1.19192e-15
 3.14270e+00  1.63713e-15
 3.14285e+00  1.72137e-15
 3.14300e+00  1.15368e-15
 3.14315e+00  0.00000e+00
 3.14330e+00  0.00000e+00
 3.14345e+00  0.00000e+00
 3.14360e+00  0.00000e+00
 3.14375e+00  0.00000e+00
 3.14390e+00  0.00000e+00
 3.14405e+00  0.00000e+00
 3.14420e+00  0.00000e+00
 3.14435e+00  4.16019e-16
 3.14450e+00  6.70789e-16
 3.14465e+00  2.23541e-15
 3.14480e+00  2.16258e-15
 3.14495e+00  1.24146e-15
 3.14510e+00  1.34108e-15
 3.14525e+00  0.00000e+00
 3.14540e+00  0.00000e+00
 3.14555e+00  0.00000e+00
 3.14570e+00  0.00000e+00
 3.14585e+00  0.00000e+00
 3.14600e+00  0.00000e+00
 3.14615e+00  0.00000e+00
 3.14630e+00  0.00000e+00
 3.14645e+00  0.00000e+00
 3.14660e+00  0.00000e+00
 3.14675e+00  0.00000e+00
 3.14690e+00  0.00000e+00
 3.14705e+00  0.00000e+00
 3.14720e+00  0.00000e+00
 3.14735e+00  0.00000e+00
 3.14750e+00  0.00000e+00
 3.14765e+00  0.00000e+00
 3.14780e+00  0.00000e+00
 3.14795e+00  0.00000e+00
 3.14810e+00  0.00000e+00
 3.14825e+00  0.00000e+00
 3.14840e+00  0.00000e+00
 3.14855e+00  0.00000e+00
 3.14870e+00  0.00000e+00
 3.14885e+00  0.00000e+00
 3.14900e+00  0.00000e+00
 3.14915e+00  0.00000e+00
 3.14930e+00  0.00000e+00
 3.14945e+00  0.00000e+00
 3.14960e+00  0.00000e+00
 3.14975e+00  0.00000e+00
 3.14990e+00  0.00000e+00
 3.15005e+00  0.00000e+00
 3.15020e+00  0.00000e+00
 3.15035e+00  0.00000e+00
 3.15050e+00  0.00000e+00
 3.15065e+00  0.00000e+00
 3.15080e+00  0.00000e+00
 3.15095e+00  0.00000e+00
 3.15110e+00  0.00000e+00
 3.15125e+00  1.03468e-15
 3.15140e+00  6.38805e-16
 3.15155e+00  1.95994e-15
 3.15170e+00  1.86710e-15
 3.15185e+00  2.23404e-15
 3.15200e+00  2.67321e-15
 3.15215e+00  3.36049e-15
 3.15230e+00  2.91211e-15
 3.15245e+00  5.81199e-15
 3.15260e+00  4.92843e-15
 3.15275e+00  2.20273e-15
 3.15290e+00  3.08276e-15
 3.15305e+00  3.36948e-15
 3.15320e+00  3.52559e-15
 3.15335e+00  4.59348e-15
 3.15350e+00  4.13290e-15
 3.15365e+00  3.94441e-15
 3.15380e+00  4.69643e-15
 3.15395e+00  5.69814e-15
 3.15410e+00  4.54698e-15
 3.15425e+00  3.87937e-15
 3.15440e+00  3.13493e-15
 3.15455e+00  4.10936e-15
 3.15470e+00  2.64748e-15
 3.15485e+00  4.75476e-15
 3.15500e+00  5.04312e-15
 3.15515e+00  4.25556e-15
 3.15530e+00  5.82699e-15
 3.15545e+00  6.70981e-15
 3.15560e+00  7.68258e-15
 3.15575e+00  5.85779e-15
 3.15590e+00  6.29435e-15
 3.15605e+00  6.03602e-15
 3.15620e+00  4.09719e-15
 3.15635e+00  4.73063e-15
 3.15650e+00  5.57684e-15
 3.15665e+00  6.62558e-15
 3.15680e+00  5.18783e-15
 3.15695e+00  3.21509e-15
 3.15710e+00  4.25017e-15
 3.15725e+00  3.49455e-15
 3.15740e+00  2.65679e-15
 3.15755e+00  4.47504e-15
 3.15770e+00  5.66079e-15
 3.15785e+00  7.46600e-15
 3.15800e+00  3.95012e-15
 3.15815e+00  4.18637e-15
 3.15830e+00  6.86152e-15
 3.15845e+00  5.23482e-15
 3.15860e+00  5.25220e-15
 3.15875e+00  5.05024e-15
 3.15890e+00  4.75158e-15
 3.15905e+00  4.85471e-15
 3.15920e+00  4.10076e-15
 3.15935e+00  4.89295e-15
 3.15950e+00  6.50075e-15
 3.15965e+00  6.02511e-15
 3.15980e+00  5.63460e-15
 3.15995e+00  5.99632e-15
 3.16010e+00  5.58869e-15
 3.16025e+00  5.05957e-15
 3.16040e+00  5.58386e-15
 3.16055e+00  6.26710e-15
 3.16070e+00  5.31032e-15
 3.16085e+00  4.87959e-15
 3.16100e+00  4.90780e-15
 3.16115e+00  5.15417e-15
 3.16130e+00  5.38172e-15
 3.16145e+00  4.87395e-15
 3.16160e+00  4.91210e-15
 3.16175e+00  6.20467e-15
 3.16190e+00  5.99565e-15
 3.16205e+00  5.52028e-15
 3.16220e+00  7.31473e-15
 3.16235e+00  5.86392e-15
 3.16250e+00  5.12261e-15
 3.16265e+00  5.15887e-15
 3.16280e+00  5.08985e-15
 3.16295e+00  3.93365e-15
 3.16310e+00  3.78457e-15
 3.16325e+00  4.29803e-15
 3.16340e+00  4.18625e-15
 3.16355e+00  4.78264e-15
 3.16370e+00  5.29062e-15
 3.16385e+00  4.69664e-15
 3.16400e+00  3.70821e-15
 3.16415e+00  3.16359e-15
 3.16430e+00  3.72310e-15
 3.16445e+00  5.16599e-15
 3.16460e+00  4.18741e-15
 3.16475e+00  2.87134e-15
 3.16490e+00  3.36596e-15
 3.16505e+00  4.71507e-15
 3.16520e+00  4.16196e-15
 3.16535e+00  3.89680e-15
 3.16550e+00  3.66618e-15
 3.16565e+00  1.97609e-15
 3.16580e+00  3.10281e-15
 3.16595e+00  4.00671e-15
 3.16610e+00  4.40707e-15
 3.16625e+00  4.62562e-15
 3.16640e+00  3.92900e-15
 3.16655e+00  3.10470e-15
 3.16670e+00  3.35484e-15
 3.16685e+00  3.49895e-15
 3.16700e+00  3.38252e-15
 3.16715e+00  4.06959e-15
 3.16730e+00  3.87187e-15
 3.16745e+00  2.49928e-15
 3.16760e+00  2.58369e-15
 3.16775e+00  3.01453e-15
 3.16790e+00  3.89064e-15
 3.16805e+00  5.21422e-15
 3.16820e+00  5.50647e-15
 3.16835e+00  4.32808e-15
 3.16850e+00  6.53307e-15
 3.16865e+00  7.22165e-15
 3.16880e+00  4.10403e-15
 3.16895e+00  2.91918e-15
 3.16910e+00  4.70344e-15
 3.16925e+00  6.17809e-15
 3.16940e+00  6.02121e-15
 3.16955e+00  6.41893e-15
 3.16970e+00  6.68253e-15
 3.16985e+00  7.50035e-15
 3.17000e+00  6.90577e-15
 3.17015e+00  6.87767e-15
 3.17030e+00  6.96811e-15
 3.17045e+00  6.85986e-15
 3.17060e+00  7.38948e-15
 3.17075e+00  6.24520e-15
 3.17090e+00  6.68720e-15
 3.17105e+00  7.77225e-15
 3.17120e+00  4.97645e-15
 3.17135e+00  7.89794e-15
 3.17150e+00  6.04570e-15
 3.17165e+00  5.67253e-15
 3.17180e+00  6.22472e-15
 3.17195e+00  3.83197e-15
 3.17210e+00  3.58242e-15
 3.17225e+00  2.88935e-15
 3.17240e+00  2.26054e-15
 3.17255e+00  2.28958e-15
 3.17270e+00  2.17657e-15
 3.17285e+00  2.12015e-15
 3.17300e+00  1.06952e-15
 3.17315e+00  2.45107e-15
 3.17330e+00  3.65029e-15
 3.17345e+00  3.52162e-15
 3.17360e+00  3.78065e-15
 3.17375e+00  5.10351e-15
 3.17390e+00  5.21092e-15
 3.17405e+00  6.85980e-15
 3.17420e+00  7.44574e-15
 3.17435e+00  7.29312e-15
 3.17450e+00  8.40248e-15
 3.17465e+00  8.13161e-15
 3.17480e+00  7.62617e-15
 3.17495e+00  6.74900e-15
 3.17510e+00  5.84120e-15
 3.17525e+00  6.23092e-15
 3.17540e+00  6.48259e-15
 3.17555e+00  7.26509e-15
 3.17570e+00  7.64686e-15
 3.17585e+00  8.19678e-15
 3.17600e+00  7.47115e-15
 3.17615e+00  6.72187e-15
 3.17630e+00  7.45944e-15
 3.17645e+00  6.50648e-15
 3.17660e+00  6.51847e-15
 3.17675e+00  6.78517e-15
 3.17690e+00  6.60238e-15
 3.17705e+00  7.06176e-15
 3.17720e+00  5.39950e-15
 3.17735e+00  4.80305e-15
 3.17750e+00  4.70999e-15
 3.17765e+00  4.36756e-15
 3.17780e+00  3.27337e-15
 3.17795e+00  4.64300e-15
 3.17810e+00  3.95310e-15
 3.17825e+00  3.16882e-15
 3.17840e+00  3.01785e-15
 3.17855e+00  4.03629e-15
 3.17870e+00  4.39120e-15
 3.17885e+00  4.49656e-15
 3.17900e+00  3.33298e-15
 3.17915e+00  4.17559e-15
 3.17930e+00  5.70726e-15
 3.17945e+00  5.50145e-15
 3.17960e+00  7.83180e-15
 3.17975e+00  7.60031e-15
 3.17990e+00  1.08614e-14
 3.18005e+00  8.71209e-15
 3.18020e+00  1.07533e-14
 3.18035e+00  7.85470e-15
 3.18050e+00  7.68562e-15
 3.18065e+00  1.07697e-14
 3.18080e+00  9.00904e-15
 3.18095e+00  9.31803e-15
 3.18110e+00  9.27986e-15
 3.18125e+00  1.11480e-14
 3.18140e+00  1.30833e-14
 3.18155e+00  8.20151e-15
 3.18170e+00  7.41455e-15
 3.18185e+00  8.30894e-15
 3.18200e+00  6.20707e-15
 3.18215e+00  3.07289e-15
 3.18230e+00  2.31599e-15
 3.18245e+00  3.49768e-15
 3.18260e+00  6.58650e-16
 3.18275e+00  0.00000e+00
 3.18290e+00  1.19253e-15
 3.18305e+00  5.58149e-16
 3.18320e+00  6.49105e-16
 3.18335e+00  0.00000e+00
 3.18350e+00  0.00000e+00
 3.18365e+00  0.00000e+00
 3.18380e+00  0.00000e+00
 3.18395e+00  0.00000e+00
 3.18410e+00  0.00000e+00
 3.18425e+00  0.00000e+00
 3.18440e+00  0.00000e+00
 3.18455e+00  0.00000e+00
 3.18470e+00  0.00000e+00
 3.18485e+00  0.00000e+00
 3.18500e+00  0.00000e+00
 3.18515e+00  0.00000e+00
 3.18530e+00  0.00000e+00
 3.18545e+00  0.00000e+00
 3.18560e+00  0.00000e+00
 3.18575e+00  0.00000e+00
 3.18590e+00  0.00000e+00
 3.18605e+00  0.00000e+00
 3.18620e+00  0.00000e+00
 3.18635e+00  0.00000e+00
 3.18650e+00  0.00000e+00
 3.18665e+00  0.00000e+00
 3.18680e+00  0.00000e+00
 3.18695e+00  0.00000e+00
 3.18710e+00  0.00000e+00
 3.18725e+00  0.00000e+00
 3.18740e+00  0.00000e+00
 3.18755e+00  0.00000e+00
 3.18770e+00  0.00000e+00
 3.18785e+00  0.00000e+00
 3.18800e+00  0.00000e+00
 3.18815e+00  0.00000e+00
 3.18830e+00  0.00000e+00
 3.18845e+00  0.00000e+00
 3.18860e+00  0.00000e+00
 3.18875e+00  0.00000e+00
 3.18890e+00  0.00000e+00
 3.18905e+00  0.00000e+00
 3.18920e+00  0.00000e+00
 3.18935e+00  0.00000e+00
 3.18950e+00  0.00000e+00
 3.18965e+00  0.00000e+00
 3.18980e+00  0.00000e+00
 3.18995e+00  0.00000e+00
 3.19010e+00  0.00000e+00
 3.19025e+00  0.00000e+00
 3.19040e+00  1.12838e-16
 3.19055e+00  1.52523e-15
 3.19070e+00  2.50152e-15
 3.19085e+00  4.11401e-15
 3.19100e+00  3.36144e-15
 3.19115e+00  8.13946e-16
 3.19130e+00  3.47340e-17
 3.19145e+00  0.00000e+00
 3.19160e+00  0.00000e+00
 3.19175e+00  0.00000e+00
 3.19190e+00  0.00000e+00
 3.19205e+00  0.00000e+00
 3.19220e+00  0.00000e+00
 3.19235e+00  0.00000e+00
 3.19250e+00  0.00000e+00
 3.19265e+00  0.00000e+00
 3.19280e+00  0.00000e+00
 3.19295e+00  0.00000e+00
 3.19310e+00  0.00000e+00
 3.19325e+00  0.00000e+00
 3.19340e+00  0.00000e+00
 3.19355e+00  0.00000e+00
 3.19370e+00  0.00000e+00
 3.19385e+00  0.00000e+00
 3.19400e+00  0.00000e+00
 3.19415e+00  0.00000e+00
 3.19430e+00  0.00000e+00
 3.19445e+00  0.00000e+00
 3.19460e+00  0.00000e+00
 3.19475e+00  0.00000e+00
 3.19490e+00  0.00000e+00
 3.19505e+00  0.00000e+00
 3.19520e+00  0.00000e+00
 3.19535e+00  0.00000e+00
 3.19550e+00  0.00000e+00
 3.19565e+00  0.00000e+00
 3.19580e+00  0.00000e+00
 3.19595e+00  0.00000e+00
 3.19610e+00  0.00000e+00
 3.19625e+00  0.00000e+00
 3.19640e+00  0.00000e+00
 3.19655e+00  0.00000e+00
 3.19670e+00  0.00000e+00
 3.19685e+00  0.00000e+00
 3.19700e+00  0.00000e+00
 3.19715e+00  0.00000e+00
 3.19730e+00  0.00000e+00
 3.19745e+00  0.00000e+00
 3.19760e+00  0.00000e+00
 3.19775e+00  0.00000e+00
 3.19790e+00  0.00000e+00
 3.19805e+00  0.00000e+00
 3.19820e+00  0.00000e+00
 3.19835e+00  0.00000e+00
 3.19850e+00  0.00000e+00
 3.19865e+00  0.00000e+00
 3.19880e+00  0.00000e+00
 3.19895e+00  0.00000e+00
 3.19910e+00  0.00000e+00
 3.19925e+00  0.00000e+00
 3.19940e+00  0.00000e+00
 3.19955e+00  0.00000e+00
 3.19970e+00  8.18626e-16
 3.19985e+00  8.57952e-16
 3.20000e+00  1.28274e-15
 3.20015e+00  2.07526e-15
 3.20030e+00  1.13192e-15
 3.20045e+00  4.73631e-16
 3.20060e+00  4.65423e-16
 3.20075e+00  7.31635e-16
 3.20090e+00  2.15862e-16
 3.20105e+00  1.16197e-15
 3.20120e+00  6.97938e-16
 3.20135e+00  4.17332e-16
 3.20150e+00  4.62380e-16
 3.20165e+00  1.07188e-15
 3.20180e+00  2.73741e-15
 3.20195e+00  2.90819e-15
 3.20210e+00  2.57542e-15
 3.20225e+00  2.96890e-15
 3.20240e+00  3.89670e-15
 3.20255e+00  3.39211e-15
 3.20270e+00  2.69734e-15
 3.20285e+00  2.81578e-15
 3.20300e+00  2.89097e-15
 3.20315e+00  3.03790e-15
 3.20330e+00  3.44188e-15
 3.20345e+00  4.48003e-15
 3.20360e+00  4.34677e-15
 3.20375e+00  4.19668e-15
 3.20390e+00  4.67665e-15
 3.20405e+00  3.40117e-15
 3.20420e+00  3.09420e-15
 3.20435e+00  3.61153e-15
 3.20450e+00  2.96434e-15
 3.20465e+00  3.33092e-15
 3.20480e+00  3.32020e-15
 3.20495e+00  2.92890e-15
 3.20510e+00  2.91665e-15
 3.20525e+00  3.64980e-15
 3.20540e+00  3.23572e-15
 3.20555e+00  4.06972e-15
 3.20570e+00  4.71999e-15
 3.20585e+00  4.03288e-15
 3.20600e+00  2.68387e-15
 3.20615e+00  2.57296e-15
 3.20630e+00  4.32245e-15
 3.20645e+00  3.75870e-15
 3.20660e+00  3.35831e-15
 3.20675e+00  2.55436e-15
 3.20690e+00  2.19120e-15
 3.20705e+00  2.27436e-15
 3.20720e+00  2.50857e-15
 3.20735e+00  2.79560e-15
 3.20750e+00  3.76259e-15
 3.20765e+00  4.09276e-15
 3.20780e+00  4.43583e-15
 3.20795e+00  3.52103e-15
 3.20810e+00  2.44140e-15
 3.20825e+00  2.61207e-15
 3.20840e+00  2.73682e-15
 3.20855e+00  1.84500e-15
 3.20870e+00  1.76876e-15
 3.20885e+00  1.82311e-15
 3.20900e+00  2.91366e-15
 3.20915e+00  3.68269e-15
 3.20930e+00  3.32138e-15
 3.20945e+00  3.41190e-15
 3.20960e+00  4.14423e-15
 3.20975e+00  3.02268e-15
 3.20990e+00  5.08357e-15
 3.21005e+00  6.16296e-15
 3.21020e+00  4.61898e-15
 3.21035e+00  4.13177e-15
 3.21050e+00  3.91144e-15
 3.21065e+00  2.69842e-15
 3.21080e+00  1.20574e-15
 3.21095e+00  6.05623e-17
 3.21110e+00  5.58407e-16
 3.21125e+00  1.11525e-15
 3.21140e+00  0.00000e+00
 3.21155e+00  0.00000e+00
 3.21170e+00  0.00000e+00
 3.21185e+00  0.00000e+00
 3.21200e+00  0.00000e+00
 3.21215e+00  0.00000e+00
 3.21230e+00  0.00000e+00
 3.21245e+00  0.00000e+00
 3.21260e+00  0.00000e+00
 3.21275e+00  0.00000e+00
 3.21290e+00  0.00000e+00
 3.21305e+00  0.00000e+00
 3.21320e+00  0.00000e+00
 3.21335e+00  0.00000e+00
 3.21350e+00  0.00000e+00
 3.21365e+00  0.00000e+00
 3.21380e+00  0.00000e+00
 3.21395e+00  0.00000e+00
 3.21410e+00  0.00000e+00
 3.21425e+00  0.00000e+00
 3.21440e+00  0.00000e+00
 3.21455e+00  0.00000e+00
 3.21470e+00  0.00000e+00
 3.21485e+00  0.00000e+00
 3.21500e+00  0.00000e+00
 3.21515e+00  0.00000e+00
 3.21530e+00  0.00000e+00
 3.21545e+00  0.00000e+00
 3.21560e+00  0.00000e+00
 3.21575e+00  0.00000e+00
 3.21590e+00  0.00000e+00
 3.21605e+00  0.00000e+00
 3.21620e+00  8.97304e-16
 3.21635e+00  1.62639e-15
 3.21650e+00  1.25217e-15
 3.21665e+00  8.72224e-16
 3.21680e+00  1.55556e-15
 3.21695e+00  7.18142e-16
 3.21710e+00  1.42237e-15
 3.21725e+00  1.93466e-15
 3.21740e+00  1.84417e-15
 3.21755e+00  2.10689e-15
 3.21770e+00  5.79780e-16
 3.21785e+00  8.01491e-18
 3.21800e+00  1.64214e-15
 3.21815e+00  2.37109e-15
 3.21830e+00  1.89422e-15
 3.21845e+00  2.45693e-15
 3.21860e+00  2.43425e-15
 3.21875e+00  2.30540e-15
 3.21890e+00  2.12163e-15
 3.21905e+00  2.48697e-15
 3.21920e+00  3.04385e-15
 3.21935e+00  2.94632e-15
 3.21950e+00  2.33405e-15
 3.21965e+00  2.37642e-15
 3.21980e+00  1.69804e-15
 3.21995e+00  1.27078e-15
 3.22010e+00  1.17207e-15
 3.22025e+00  4.02439e-16
 3.22040e+00  0.00000e+00
 3.22055e+00  0.00000e+00
 3.22070e+00  0.00000e+00
 3.22085e+00  0.00000e+00
 3.22100e+00  0.00000e+00
 3.22115e+00  0.00000e+00
 3.22130e+00  0.00000e+00
 3.22145e+00  0.00000e+00
 3.22160e+00  0.00000e+00
 3.22175e+00  0.00000e+00
 3.22190e+00  0.00000e+00
 3.22205e+00  0.00000e+00
 3.22220e+00  0.00000e+00
 3.22235e+00  0.00000e+00
 3.22250e+00  0.00000e+00
 3.22265e+00  0.00000e+00
 3.22280e+00  0.00000e+00
 3.22295e+00  0.00000e+00
 3.22310e+00  0.00000e+00
 3.22325e+00  0.00000e+00
 3.22340e+00  0.00000e+00
 3.22355e+00  0.00000e+00
 3.22370e+00  0.00000e+00
 3.22385e+00  0.00000e+00
 3.22400e+00  0.00000e+00
 3.22415e+00  0.00000e+00
 3.22430e+00  0.00000e+00
 3.22445e+00  0.00000e+00
 3.22460e+00  0.00000e+00
 3.22475e+00  0.00000e+00
 3.22490e+00  0.00000e+00
 3.22505e+00  0.00000e+00
 3.22520e+00  0.00000e+00
 3.22535e+00  0.00000e+00
 3.22550e+00  0.00000e+00
 3.22565e+00  0.00000e+00
 3.22580e+00  0.00000e+00
 3.22595e+00  0.00000e+00
 3.22610e+00  0.00000e+00
 3.22625e+00  0.00000e+00
 3.22640e+00  0.00000e+00
 3.22655e+00  0.00000e+00
 3.22670e+00  0.00000e+00
 3.22685e+00  0.00000e+00
 3.22700e+00  0.00000e+00
 3.22715e+00  0.00000e+00
 3.22730e+00  0.00000e+00
 3.22745e+00  0.00000e+00
 3.22760e+00  0.00000e+00
 3.22775e+00  0.00000e+00
 3.22790e+00  0.00000e+00
 3.22805e+00  0.00000e+00
 3.22820e+00  0.00000e+00
 3.22835e+00  0.00000e+00
 3.22850e+00  0.00000e+00
 3.22865e+00  0.00000e+00
 3.22880e+00  0.00000e+00
 3.22895e+00  0.00000e+00
 3.22910e+00  0.00000e+00
 3.22925e+00  0.00000e+00
 3.22940e+00  0.00000e+00
 3.22955e+00  0.00000e+00
 3.22970e+00  0.00000e+00
 3.22985e+00  0.00000e+00
 3.23000e+00  0.00000e+00
 3.23015e+00  0.00000e+00
 3.23030e+00  0.00000e+00
 3.23045e+00  0.00000e+00
 3.23060e+00  1.19972e-17
 3.23075e+00  4.72210e-16
 3.23090e+00  7.20397e-16
 3.23105e+00  1.46872e-15
 3.23120e+00  1.01675e-15
 3.23135e+00  1.47561e-15
 3.23150e+00  1.57372e-15
 3.23165e+00  1.62652e-15
 3.23180e+00  2.39976e-15
 3.23195e+00  3.11256e-15
 3.23210e+00  3.98632e-15
 3.23225e+00  3.62096e-15
 3.23240e+00  3.83882e-15
 3.23255e+00  3.51808e-15
 3.23270e+00  3.51959e-15
 3.23285e+00  3.32010e-15
 3.23300e+00  3.53620e-15
 3.23315e+00  3.78890e-15
 3.23330e+00  4.13394e-15
 3.23345e+00  3.13051e-15
 3.23360e+00  2.70716e-15
 3.23375e+00  2.96595e-15
 3.23390e+00  3.76013e-15
 3.23405e+00  5.16008e-15
 3.23420e+00  5.26395e-15
 3.23435e+00  5.61664e-15
 3.23450e+00  5.93031e-15
 3.23465e+00  6.04771e-15
 3.23480e+00  5.91096e-15
 3.23495e+00  5.64955e-15
 3.23510e+00  4.83190e-15
 3.23525e+00  5.60810e-15
 3.23540e+00  5.71680e-15
 3.23555e+00  5.29710e-15
 3.23570e+00  5.06629e-15
 3.23585e+00  5.42487e-15
 3.23600e+00  6.18118e-15
 3.23615e+00  5.30854e-15
 3.23630e+00  4.22991e-15
 3.23645e+00  3.95490e-15
 3.23660e+00  3.73129e-15
 3.23675e+00  3.61882e-15
 3.23690e+00  3.56679e-15
 3.23705e+00  2.44040e-15
 3.23720e+00  2.71193e-15
 3.23735e+00  3.51028e-15
 3.23750e+00  3.43497e-15
 3.23765e+00  3.37542e-15
 3.23780e+00  3.30248e-15
 3.23795e+00  2.78842e-15
 3.23810e+00  2.39751e-15
 3.23825e+00  2.86186e-15
 3.23840e+00  2.50023e-15
 3.23855e+00  1.71540e-15
 3.23870e+00  8.96600e-16
 3.23885e+00  0.00000e+00
 3.23900e+00  0.00000e+00
 3.23915e+00  0.00000e+00
 3.23930e+00  0.00000e+00
 3.23945e+00  0.00000e+00
 3.23960e+00  0.00000e+00
 3.23975e+00  0.00000e+00
 3.23990e+00  0.00000e+00
 3.24005e+00  0.00000e+00
 3.24020e+00  0.00000e+00
 3.24035e+00  0.00000e+00
 3.24050e+00  0.00000e+00
 3.24065e+00  0.00000e+00
 3.24080e+00  0.00000e+00
 3.24095e+00  0.00000e+00
 3.24110e+00  0.00000e+00
 3.24125e+00  0.00000e+00
 3.24140e+00  0.00000e+00
 3.24155e+00  0.00000e+00
 3.24170e+00  0.00000e+00
 3.24185e+00  0.00000e+00
 3.24200e+00  0.00000e+00
 3.24215e+00  0.00000e+00
 3.24230e+00  0.00000e+00
 3.24245e+00  0.00000e+00
 3.24260e+00  0.00000e+00
 3.24275e+00  0.00000e+00
 3.24290e+00  0.00000e+00
 3.24305e+00  0.00000e+00
 3.24320e+00  0.00000e+00
 3.24335e+00  0.00000e+00
 3.24350e+00  0.00000e+00
 3.24365e+00  0.00000e+00
 3.24380e+00  0.00000e+00
 3.24395e+00  0.00000e+00
 3.24410e+00  0.00000e+00
 3.24425e+00  0.00000e+00
 3.24440e+00  0.00000e+00
 3.24455e+00  1.45022e-16
 3.24470e+00  8.02991e-16
 3.24485e+00  2.87935e-15
 3.24500e+00  4.02014e-15
 3.24515e+00  4.60221e-15
 3.24530e+00  4.52167e-15
 3.24545e+00  4.15068e-15
 3.24560e+00  4.82358e-15
 3.24575e+00  2.20628e-15
 3.24590e+00  1.44888e-15
 3.24605e+00  2.22367e-15
 3.24620e+00  2.54760e-15
 3.24635e+00  2.13172e-15
 3.24650e+00  1.89007e-15
 3.24665e+00  1.63224e-15
 3.24680e+00  1.05017e-15
 3.24695e+00  9.39143e-16
 3.24710e+00  2.49809e-15
 3.24725e+00  4.02035e-15
 3.24740e+00  3.97365e-15
 3.24755e+00  3.73401e-15
 3.24770e+00  3.03703e-15
 3.24785e+00  3.07613e-15
 3.24800e+00  3.67777e-15
 3.24815e+00  4.08248e-15
 3.24830e+00  3.68102e-15
 3.24845e+00  3.09483e-15
 3.24860e+00  3.23425e-15
 3.24875e+00  3.60479e-15
 3.24890e+00  2.75961e-15
 3.24905e+00  2.39864e-15
 3.24920e+00  2.93166e-15
 3.24935e+00  1.97982e-15
 3.24950e+00  1.83073e-15
 3.24965e+00  1.18883e-15
 3.24980e+00  1.08008e-15
 3.24995e+00  1.22270e-15
 3.25010e+00  1.55169e-15
 3.25025e+00  1.59015e-15
 3.25040e+00  9.13673e-16
 3.25055e+00  6.08857e-17
 3.25070e+00 -4.24584e-19
 3.25085e+00 -4.24584e-19
 3.25100e+00 -4.24584e-19
 3.25115e+00 -4.24584e-19
 3.25130e+00 -4.24584e-19
 3.25145e+00 -4.24584e-19
 3.25160e+00 -4.24584e-19
 3.25175e+00 -4.24584e-19
 3.25190e+00 -4.24584e-19
 3.25205e+00 -4.24584e-19
 3.25220e+00 -4.24584e-19
 3.25235e+00 -4.24584e-19
 3.25250e+00 -4.24584e-19
 3.25265e+00 -4.24584e-19
 3.25280e+00  1.58552e-15
 3.25295e+00  1.86533e-15
 3.25310e+00  1.38383e-15
 3.25325e+00  5.53007e-16
 3.25340e+00  5.32382e-16
 3.25355e+00  6.04069e-16
 3.25370e+00  8.57139e-17
 3.25385e+00 -3.21591e-21
 3.25400e+00 -2.66696e-22
 3.25415e+00 -1.40697e-23
 3.25430e+00 -5.18716e-25
 3.25445e+00  0.00000e+00
 3.25460e+00  0.00000e+00
 3.25475e+00  0.00000e+00
 3.25490e+00  0.00000e+00
 3.25505e+00  0.00000e+00
 3.25520e+00  0.00000e+00
 3.25535e+00  0.00000e+00
 3.25550e+00  0.00000e+00
 3.25565e+00  0.00000e+00
 3.25580e+00  0.00000e+00
 3.25595e+00  5.18439e-17
 3.25610e+00  4.76451e-16
 3.25625e+00  5.42101e-16
 3.25640e+00  4.34997e-18
 3.25655e+00  0.00000e+00
 3.25670e+00  1.83583e-17
 3.25685e+00  2.43892e-16
 3.25700e+00  5.57953e-16
 3.25715e+00  4.11516e-16
 3.25730e+00  0.00000e+00
 3.25745e+00  0.00000e+00
 3.25760e+00  2.02861e-16
 3.25775e+00  5.38784e-16
 3.25790e+00  9.79569e-16
 3.25805e+00  1.12059e-15
 3.25820e+00  1.38947e-15
 3.25835e+00  1.22870e-15
 3.25850e+00  1.37987e-16
 3.25865e+00  3.58884e-17
 3.25880e+00  4.39136e-16
 3.25895e+00  0.00000e+00
 3.25910e+00  0.00000e+00
 3.25925e+00  8.90606e-17
 3.25940e+00  7.28579e-18
 3.25955e+00  0.00000e+00
 3.25970e+00  0.00000e+00
 3.25985e+00  0.00000e+00
 3.26000e+00  8.71334e-16
 3.26015e+00  2.23080e-15
 3.26030e+00  1.88260e-15
 3.26045e+00  1.66367e-15
 3.26060e+00  2.63119e-15
 3.26075e+00  2.12233e-15
 3.26090e+00  2.49234e-15
 3.26105e+00  2.76778e-15
 3.26120e+00  2.10741e-15
 3.26135e+00  3.12956e-15
 3.26150e+00  3.15231e-15
 3.26165e+00  1.84919e-15
 3.26180e+00  1.52944e-15
 3.26195e+00  1.02781e-15
 3.26210e+00  1.36455e-15
 3.26225e+00  1.10900e-15
 3.26240e+00  1.49178e-15
 3.26255e+00  1.37937e-15
 3.26270e+00  1.64165e-15
 3.26285e+00  1.71662e-15
 3.26300e+00  1.29325e-15
 3.26315e+00  6.68235e-16
 3.26330e+00  6.84173e-16
 3.26345e+00  5.90206e-16
 3.26360e+00  6.22759e-16
 3.26375e+00  3.64534e-16
 3.26390e+00  5.80287e-16
 3.26405e+00  2.28142e-16
 3.26420e+00  0.00000e+00
 3.26435e+00  6.97149e-16
 3.26450e+00  1.28713e-15
 3.26465e+00  1.83362e-15
 3.26480e+00  1.33589e-15
 3.26495e+00  1.14321e-15
 3.26510e+00  1.51886e-15
 3.26525e+00  2.07439e-15
 3.26540e+00  2.28666e-15
 3.26555e+00  1.34986e-15
 3.26570e+00  5.64394e-16
 3.26585e+00  8.87229e-16
 3.26600e+00  2.57381e-15
 3.26615e+00  3.65545e-15
 3.26630e+00  3.26608e-15
 3.26645e+00  3.64121e-15
 3.26660e+00  4.31208e-15
 3.26675e+00  2.70044e-15
 3.26690e+00  3.06468e-15
 3.26705e+00  3.63047e-15
 3.26720e+00  2.38490e-15
 3.26735e+00  1.38177e-15
 3.26750e+00  1.92545e-16
 3.26765e+00  3.52764e-16
 3.26780e+00  2.00981e-16
 3.26795e+00  0.00000e+00
 3.26810e+00  6.55999e-16
 3.26825e+00  7.96925e-16
 3.26840e+00  2.30606e-15
 3.26855e+00  3.05738e-15
 3.26870e+00  2.82618e-15
 3.26885e+00  2.65286e-15
 3.26900e+00  2.45024e-15
 3.26915e+00  5.76092e-16
 3.26930e+00  1.74848e-17
 3.26945e+00  0.00000e+00
 3.26960e+00  0.00000e+00
 3.26975e+00  0.00000e+00
 3.26990e+00  0.00000e+00
 3.27005e+00  0.00000e+00
 3.27020e+00  0.00000e+00
 3.27035e+00  0.00000e+00
 3.27050e+00  0.00000e+00
 3.27065e+00  0.00000e+00
 3.27080e+00  5.62587e-18
 3.27095e+00  3.56394e-17
 3.27110e+00  9.62664e-16
 3.27125e+00  9.81005e-16
 3.27140e+00  8.44826e-16
 3.27155e+00  1.01494e-15
 3.27170e+00  1.99060e-15
 3.27185e+00  1.04459e-15
 3.27200e+00  1.15813e-15
 3.27215e+00  0.00000e+00
 3.27230e+00  0.00000e+00
 3.27245e+00  0.00000e+00
 3.27260e+00  0.00000e+00
 3.27275e+00  0.00000e+00
 3.27290e+00  0.00000e+00
 3.27305e+00  2.81683e-16
 3.27320e+00  2.89602e-16
 3.27335e+00  0.00000e+00
 3.27350e+00  1.96029e-16
 3.27365e+00  1.96494e-16
 3.27380e+00  0.00000e+00
 3.27395e+00  3.11361e-17
 3.27410e+00  2.64682e-16
 3.27425e+00  5.13417e-17
 3.27440e+00  0.00000e+00
 3.27455e+00  1.32785e-15
 3.27470e+00  3.26562e-15
 3.27485e+00  4.22718e-15
 3.27500e+00  6.09343e-15
 3.27515e+00  6.61155e-15
 3.27530e+00  6.35311e-15
 3.27545e+00  6.31810e-15
 3.27560e+00  5.76050e-15
 3.27575e+00  4.03629e-15
 3.27590e+00  7.97137e-16
 3.27605e+00  0.00000e+00
 3.27620e+00  3.72003e-18
 3.27635e+00  8.34665e-16
 3.27650e+00  4.87692e-16
 3.27665e+00  3.94797e-16
 3.27680e+00  1.00510e-15
 3.27695e+00  0.00000e+00
 3.27710e+00  3.58190e-16
 3.27725e+00  1.18915e-15
 3.27740e+00  0.00000e+00
 3.27755e+00  2.94164e-16
 3.27770e+00  7.00041e-16
 3.27785e+00  4.96329e-17
 3.27800e+00  0.00000e+00
 3.27815e+00  8.13268e-16
 3.27830e+00  2.24837e-16
 3.27845e+00  0.00000e+00
 3.27860e+00  0.00000e+00
 3.27875e+00  7.17585e-16
 3.27890e+00  9.92308e-16
 3.27905e+00  2.08621e-16
 3.27920e+00  8.06011e-16
 3.27935e+00  7.82603e-16
 3.27950e+00  0.00000e+00
 3.27965e+00  0.00000e+00
 3.27980e+00  6.55011e-16
 3.27995e+00  1.50817e-15
 3.28010e+00  0.00000e+00
 3.28025e+00  0.00000e+00
 3.28040e+00  0.00000e+00
 3.28055e+00  0.00000e+00
 3.28070e+00  0.00000e+00
 3.28085e+00  0.00000e+00
 3.28100e+00  0.00000e+00
 3.28115e+00  9.75185e-17
 3.28130e+00  5.15629e-16
 3.28145e+00  1.62934e-16
 3.28160e+00  1.58327e-16
 3.28175e+00  1.61420e-17
 3.28190e+00  2.88183e-16
 3.28205e+00  6.21163e-17
 3.28220e+00  8.20488e-16
 3.28235e+00  1.02535e-15
 3.28250e+00  5.40644e-17
 3.28265e+00  0.00000e+00
 3.28280e+00  0.00000e+00
 3.28295e+00  2.96378e-16
 3.28310e+00  0.00000e+00
 3.28325e+00  0.00000e+00
 3.28340e+00  0.00000e+00
 3.28355e+00  2.06469e-16
 3.28370e+00  2.88327e-17
 3.28385e+00  2.70004e-16
 3.28400e+00  4.03526e-17
 3.28415e+00  0.00000e+00
 3.28430e+00  2.48771e-16
 3.28445e+00  8.96556e-16
 3.28460e+00  2.76012e-18
 3.28475e+00  5.99802e-18
 3.28490e+00  0.00000e+00
 3.28505e+00  2.13915e-15
 3.28520e+00  3.34186e-15
 3.28535e+00  2.12450e-15
 3.28550e+00  1.55457e-15
 3.28565e+00  1.31556e-15
 3.28580e+00  8.31188e-16
 3.28595e+00  2.64477e-16
 3.28610e+00  0.00000e+00
 3.28625e+00  6.42653e-17
 3.28640e+00  9.07565e-16
 3.28655e+00  1.79903e-15
 3.28670e+00  2.42881e-15
 3.28685e+00  2.75933e-15
 3.28700e+00  2.66806e-15
 3.28715e+00  1.92814e-15
 3.28730e+00  2.45490e-15
 3.28745e+00  2.47196e-15
 3.28760e+00  2.71978e-15
 3.28775e+00  2.48098e-15
 3.28790e+00  2.55884e-15
 3.28805e+00  1.97752e-15
 3.28820e+00  1.60480e-15
 3.28835e+00  1.69532e-16
 3.28850e+00  5.93210e-16
 3.28865e+00  1.28830e-15
 3.28880e+00  1.90177e-15
 3.28895e+00  2.63196e-15
 3.28910e+00  3.55361e-15
 3.28925e+00  3.64786e-15
 3.28940e+00  4.16355e-15
 3.28955e+00  6.48725e-15
 3.28970e+00  7.01568e-15
 3.28985e+00  6.81429e-15
 3.29000e+00  6.75526e-15
 3.29015e+00  7.98940e-15
 3.29030e+00  7.82879e-15
 3.29045e+00  7.61006e-15
 3.29060e+00  6.65903e-15
 3.29075e+00  7.00513e-15
 3.29090e+00  6.73354e-15
 3.29105e+00  5.78261e-15
 3.29120e+00  3.93991e-15
 3.29135e+00  4.44735e-15
 3.29150e+00  4.72358e-15
 3.29165e+00  4.02003e-15
 3.29180e+00  4.14893e-15
 3.29195e+00  4.36009e-15
 3.29210e+00  3.19232e-15
 3.29225e+00  2.75316e-15
 3.29240e+00  2.94951e-15
 3.29255e+00  2.64753e-15
 3.29270e+00  2.52365e-15
 3.29285e+00  3.64694e-15
 3.29300e+00  4.05093e-15
 3.29315e+00  2.77084e-15
 3.29330e+00  1.78460e-15
 3.29345e+00  1.43025e-15
 3.29360e+00  1.83440e-15
 3.29375e+00  1.37542e-15
 3.29390e+00  5.40695e-16
 3.29405e+00  1.09125e-16
 3.29420e+00  8.00969e-16
 3.29435e+00  1.38983e-15
 3.29450e+00  1.06314e-15
 3.29465e+00  6.83553e-16
 3.29480e+00  2.38143e-16
 3.29495e+00  8.52448e-16
 3.29510e+00  1.80402e-15
 3.29525e+00  1.87830e-15
 3.29540e+00  1.90466e-15
 3.29555e+00  2.24336e-15
 3.29570e+00  1.75807e-15
 3.29585e+00  1.15527e-15
 3.29600e+00  1.51727e-15
 3.29615e+00  1.72735e-15
 3.29630e+00  1.76093e-15
 3.29645e+00  1.98043e-15
 3.29660e+00  3.29942e-15
 3.29675e+00  4.48936e-15
 3.29690e+00  4.28552e-15
 3.29705e+00  4.36547e-15
 3.29720e+00  4.32178e-15
 3.29735e+00  3.85893e-15
 3.29750e+00  3.28421e-15
 3.29765e+00  4.03115e-15
 3.29780e+00  3.69578e-15
 3.29795e+00  2.73718e-15
 3.29810e+00  2.88296e-15
 3.29825e+00  5.09558e-15
 3.29840e+00  4.85903e-15
 3.29855e+00  4.43065e-15
 3.29870e+00  5.37827e-15
 3.29885e+00  5.17452e-15
 3.29900e+00  5.23751e-15
 3.29915e+00  5.09446e-15
 3.29930e+00  4.22812e-15
 3.29945e+00  3.48787e-15
 3.29960e+00  4.39891e-15
 3.29975e+00  4.80318e-15
 3.29990e+00  3.83260e-15
 3.30005e+00  3.20985e-15
 3.30020e+00  3.05956e-15
 3.30035e+00  2.71356e-15
 3.30050e+00  3.35766e-15
 3.30065e+00  3.31522e-15
 3.30080e+00  3.58355e-15
 3.30095e+00  2.91000e-15
 3.30110e+00  2.81135e-15
 3.30125e+00  2.71192e-15
 3.30140e+00  3.52722e-15
 3.30155e+00  2.65655e-15
 3.30170e+00  2.85144e-15
 3.30185e+00  4.07994e-15
 3.30200e+00  3.97949e-15
 3.30215e+00  3.03693e-15
 3.30230e+00  2.24415e-15
 3.30245e+00  2.35003e-15
 3.30260e+00  2.34385e-15
 3.30275e+00  1.83425e-15
 3.30290e+00  8.98164e-16
 3.30305e+00  1.19537e-16
 3.30320e+00  1.02585e-15
 3.30335e+00  1.99667e-15
 3.30350e+00  1.81040e-15
 3.30365e+00  4.52507e-16
 3.30380e+00  1.26955e-15
 3.30395e+00  1.37197e-15
 3.30410e+00  1.70395e-15
 3.30425e+00  1.90454e-15
 3.30440e+00  1.01753e-15
 3.30455e+00  9.38557e-16
 3.30470e+00  1.11319e-15
 3.30485e+00  1.19353e-15
 3.30500e+00  9.26646e-16
 3.30515e+00  1.40415e-15
 3.30530e+00  1.38770e-15
 3.30545e+00  1.92709e-15
 3.30560e+00  2.68422e-15
 3.30575e+00  1.42949e-15
 3.30590e+00  1.02118e-15
 3.30605e+00  1.20160e-15
 3.30620e+00  1.94391e-15
 3.30635e+00  1.46174e-15
 3.30650e+00  1.20977e-15
 3.30665e+00  2.07787e-15
 3.30680e+00  1.81780e-15
 3.30695e+00  1.19496e-15
 3.30710e+00  1.26459e-15
 3.30725e+00  1.67548e-15
 3.30740e+00  9.96873e-16
 3.30755e+00  6.52538e-16
 3.30770e+00  2.02752e-16
 3.30785e+00  9.21227e-16
 3.30800e+00  1.33680e-15
 3.30815e+00  1.31588e-15
 3.30830e+00  1.96245e-15
 3.30845e+00  2.55807e-15
 3.30860e+00  3.41177e-15
 3.30875e+00  3.05880e-15
 3.30890e+00  2.57964e-15
 3.30905e+00  2.50119e-15
 3.30920e+00  3.01281e-15
 3.30935e+00  2.67489e-15
 3.30950e+00  1.71342e-15
 3.30965e+00  1.12639e-15
 3.30980e+00  1.25931e-15
 3.30995e+00  1.12883e-15
 3.31010e+00  8.38417e-16
 3.31025e+00  1.06435e-15
 3.31040e+00  9.84575e-16
 3.31055e+00  1.35347e-15
 3.31070e+00  1.18028e-15
 3.31085e+00  8.15378e-16
 3.31100e+00  9.81876e-16
 3.31115e+00  2.37641e-16
 3.31130e+00  1.97493e-16
 3.31145e+00  8.51956e-16
 3.31160e+00  1.96379e-15
 3.31175e+00  1.95952e-15
 3.31190e+00  1.62095e-15
 3.31205e+00  1.51750e-15
 3.31220e+00  1.83784e-15
 3.31235e+00  1.89685e-15
 3.31250e+00  3.02206e-15
 3.31265e+00  3.70530e-15
 3.31280e+00  4.25895e-15
 3.31295e+00  4.07899e-15
 3.31310e+00  4.63209e-15
 3.31325e+00  5.07955e-15
 3.31340e+00  4.95198e-15
 3.31355e+00  5.35998e-15
 3.31370e+00  5.55215e-15
 3.31385e+00  5.79478e-15
 3.31400e+00  5.23281e-15
 3.31415e+00  5.44235e-15
 3.31430e+00  5.53335e-15
 3.31445e+00  4.49348e-15
 3.31460e+00  4.11336e-15
 3.31475e+00  4.31536e-15
 3.31490e+00  4.98643e-15
 3.31505e+00  5.62114e-15
 3.31520e+00  6.22733e-15
 3.31535e+00  6.19649e-15
 3.31550e+00  5.57524e-15
 3.31565e+00  4.87423e-15
 3.31580e+00  4.66711e-15
 3.31595e+00  3.17096e-15
 3.31610e+00  1.69874e-15
 3.31625e+00  1.47675e-15
 3.31640e+00  1.35214e-15
 3.31655e+00  4.41106e-16
 3.31670e+00  5.64887e-16
 3.31685e+00  1.53992e-15
 3.31700e+00  2.27549e-15
 3.31715e+00  2.66692e-15
 3.31730e+00  3.49357e-15
 3.31745e+00  5.11269e-15
 3.31760e+00  5.45805e-15
 3.31775e+00  5.96585e-15
 3.31790e+00  5.06111e-15
 3.31805e+00  4.26938e-15
 3.31820e+00  3.36659e-15
 3.31835e+00  1.09634e-15
 3.31850e+00  1.33477e-15
 3.31865e+00  1.92509e-15
 3.31880e+00  1.85824e-15
 3.31895e+00  1.49468e-15
 3.31910e+00  2.28124e-15
 3.31925e+00  2.86377e-15
 3.31940e+00  2.42688e-15
 3.31955e+00  2.12131e-15
 3.31970e+00  2.19874e-15
 3.31985e+00  2.60156e-15
 3.32000e+00  2.36706e-15
 3.32015e+00  1.07278e-15
 3.32030e+00  1.31775e-15
 3.32045e+00  1.23811e-15
 3.32060e+00  1.11070e-15
 3.32075e+00  8.69688e-16
 3.32090e+00  1.34616e-15
 3.32105e+00  2.91755e-15
 3.32120e+00  2.48890e-15
 3.32135e+00  1.55908e-15
 3.32150e+00  1.83374e-15
 3.32165e+00  1.70787e-15
 3.32180e+00  2.86694e-15
 3.32195e+00  1.49150e-15
 3.32210e+00  1.47299e-15
 3.32225e+00  1.45780e-15
 3.32240e+00  1.29276e-15
 3.32255e+00  1.26602e-15
 3.32270e+00  1.42280e-15
 3.32285e+00  1.50492e-15
 3.32300e+00  2.30227e-15
 3.32315e+00  2.41559e-15
 3.32330e+00  3.30623e-15
 3.32345e+00  3.52203e-15
 3.32360e+00  2.36484e-15
 3.32375e+00  2.35211e-15
 3.32390e+00  1.91227e-15
 3.32405e+00  2.10101e-15
 3.32420e+00  2.06232e-15
 3.32435e+00  1.35607e-15
 3.32450e+00  1.42262e-15
 3.32465e+00  2.00043e-15
 3.32480e+00  2.28651e-15
 3.32495e+00  2.55458e-15
 3.32510e+00  2.08387e-15
 3.32525e+00  1.52119e-15
 3.32540e+00  5.13591e-16
 3.32555e+00  0.00000e+00
 3.32570e+00  0.00000e+00
 3.32585e+00  0.00000e+00
 3.32600e+00  0.00000e+00
 3.32615e+00  0.00000e+00
 3.32630e+00  0.00000e+00
 3.32645e+00  0.00000e+00
 3.32660e+00  0.00000e+00
 3.32675e+00  0.00000e+00
 3.32690e+00  0.00000e+00
 3.32705e+00  0.00000e+00
 3.32720e+00  0.00000e+00
 3.32735e+00  0.00000e+00
 3.32750e+00  0.00000e+00
 3.32765e+00  0.00000e+00
 3.32780e+00  0.00000e+00
 3.32795e+00  0.00000e+00
 3.32810e+00  0.00000e+00
 3.32825e+00  0.00000e+00
 3.32840e+00  0.00000e+00
 3.32855e+00  0.00000e+00
 3.32870e+00  0.00000e+00
 3.32885e+00  0.00000e+00
 3.32900e+00  0.00000e+00
 3.32915e+00  0.00000e+00
 3.32930e+00  0.00000e+00
 3.32945e+00  0.00000e+00
 3.32960e+00  0.00000e+00
 3.32975e+00  0.00000e+00
 3.32990e+00  0.00000e+00
 3.33005e+00  0.00000e+00
 3.33020e+00  0.00000e+00
 3.33035e+00  0.00000e+00
 3.33050e+00  0.00000e+00
 3.33065e+00  0.00000e+00
 3.33080e+00  0.00000e+00
 3.33095e+00  0.00000e+00
 3.33110e+00  0.00000e+00
 3.33125e+00  0.00000e+00
 3.33140e+00  0.00000e+00
 3.33155e+00  0.00000e+00
 3.33170e+00  0.00000e+00
 3.33185e+00  0.00000e+00
 3.33200e+00  0.00000e+00
 3.33215e+00  0.00000e+00
 3.33230e+00  0.00000e+00
 3.33245e+00  0.00000e+00
 3.33260e+00  0.00000e+00
 3.33275e+00  0.00000e+00
 3.33290e+00  0.00000e+00
 3.33305e+00  0.00000e+00
 3.33320e+00  0.00000e+00
 3.33335e+00  0.00000e+00
 3.33350e+00  0.00000e+00
 3.33365e+00  0.00000e+00
 3.33380e+00  0.00000e+00
 3.33395e+00  0.00000e+00
 3.33410e+00  0.00000e+00
 3.33425e+00  0.00000e+00
 3.33440e+00  0.00000e+00
 3.33455e+00  0.00000e+00
 3.33470e+00  0.00000e+00
 3.33485e+00  0.00000e+00
 3.33500e+00  0.00000e+00
 3.33515e+00  1.09514e-16
 3.33530e+00  4.50275e-16
 3.33545e+00  1.21476e-15
 3.33560e+00  1.70301e-15
 3.33575e+00  1.50019e-15
 3.33590e+00  2.16359e-15
 3.33605e+00  2.21413e-15
 3.33620e+00  2.65965e-15
 3.33635e+00  2.35833e-15
 3.33650e+00  2.09996e-15
 3.33665e+00  2.58495e-15
 3.33680e+00  3.34935e-15
 3.33695e+00  3.18139e-15
 3.33710e+00  2.57594e-15
 3.33725e+00  1.91127e-15
 3.33740e+00  1.25694e-15
 3.33755e+00  9.71013e-16
 3.33770e+00  7.95434e-16
 3.33785e+00  4.11010e-16
 3.33800e+00  7.82120e-16
 3.33815e+00  4.16696e-16
 3.33830e+00  8.26340e-16
 3.33845e+00  2.09820e-17
 3.33860e+00  0.00000e+00
 3.33875e+00  0.00000e+00
 3.33890e+00  0.00000e+00
 3.33905e+00  0.00000e+00
 3.33920e+00  3.03537e-16
 3.33935e+00  9.81256e-16
 3.33950e+00  1.25617e-15
 3.33965e+00  1.52486e-15
 3.33980e+00  8.26781e-16
 3.33995e+00  4.49846e-16
 3.34010e+00  4.40610e-16
 3.34025e+00  2.76016e-17
 3.34040e+00  0.00000e+00
 3.34055e+00  3.55411e-16
 3.34070e+00  4.69253e-16
 3.34085e+00  0.00000e+00
 3.34100e+00  0.00000e+00
 3.34115e+00  0.00000e+00
 3.34130e+00  0.00000e+00
 3.34145e+00  0.00000e+00
 3.34160e+00  0.00000e+00
 3.34175e+00  0.00000e+00
 3.34190e+00  0.00000e+00
 3.34205e+00  0.00000e+00
 3.34220e+00  0.00000e+00
 3.34235e+00  0.00000e+00
 3.34250e+00  3.91710e-17
 3.34265e+00  1.15183e-16
 3.34280e+00  1.91221e-16
 3.34295e+00  2.67286e-16
 3.34310e+00  3.43376e-16
 3.34325e+00  4.19493e-16
 3.34340e+00  4.95637e-16
 3.34355e+00  6.00529e-16
 3.34370e+00  7.07203e-16
 3.34385e+00  8.13915e-16
 3.34400e+00  9.20663e-16
 3.34415e+00  1.02745e-15
 3.34430e+00  1.13427e-15
 3.34445e+00  1.14125e-15
 3.34460e+00  9.88538e-16
 3.34475e+00  8.35777e-16
 3.34490e+00  6.82963e-16
 3.34505e+00  5.30097e-16
 3.34520e+00  3.77178e-16
 3.34535e+00  2.24206e-16
 3.34550e+00  4.70520e-16
 3.34565e+00  7.91984e-16
 3.34580e+00  1.11356e-15
 3.34595e+00  1.43524e-15
 3.34610e+00  1.75704e-15
 3.34625e+00  2.07895e-15
 3.34640e+00  2.22788e-15
 3.34655e+00  1.99779e-15
 3.34670e+00  1.76762e-15
 3.34685e+00  1.53736e-15
 3.34700e+00  1.30703e-15
 3.34715e+00  1.07662e-15
 3.34730e+00  8.46131e-16
 3.34745e+00  7.01633e-16
 3.34760e+00  5.78619e-16
 3.34775e+00  4.55564e-16
 3.34790e+00  3.32465e-16
 3.34805e+00  2.09324e-16
 3.34820e+00  8.61411e-17
 3.34835e+00  0.00000e+00
 3.34850e+00  0.00000e+00
 3.34865e+00  0.00000e+00
 3.34880e+00  0.00000e+00
 3.34895e+00  0.00000e+00
 3.34910e+00  0.00000e+00
 3.34925e+00  0.00000e+00
 3.34940e+00  0.00000e+00
 3.34955e+00  0.00000e+00
 3.34970e+00  0.00000e+00
 3.34985e+00  0.00000e+00
 3.35000e+00  0.00000e+00
 3.35015e+00  0.00000e+00
 3.35030e+00  4.29003e-17
 3.35045e+00  1.66723e-16
 3.35060e+00  2.90589e-16
 3.35075e+00  4.14498e-16
 3.35090e+00  5.38450e-16
 3.35105e+00  6.62444e-16
 3.35120e+00  7.86481e-16
 3.35135e+00  1.00730e-15
 3.35150e+00  1.24003e-15
 3.35165e+00  1.47284e-15
 3.35180e+00  1.70573e-15
 3.35195e+00  1.93871e-15
 3.35210e+00  2.17176e-15
 3.35225e+00  2.27902e-15
 3.35240e+00  2.23238e-15
 3.35255e+00  2.18572e-15
 3.35270e+00  2.13905e-15
 3.35285e+00  2.09235e-15
 3.35300e+00  2.04565e-15
 3.35315e+00  1.99928e-15
 3.35330e+00  1.96812e-15
 3.35345e+00  1.93695e-15
 3.35360e+00  1.90577e-15
 3.35375e+00  1.87458e-15
 3.35390e+00  1.84338e-15
 3.35405e+00  1.81216e-15
 3.35420e+00  1.80000e-15
 3.35435e+00  1.80000e-15
 3.35450e+00  1.80000e-15
 3.35465e+00  1.80000e-15
 3.35480e+00  1.80000e-15
 3.35495e+00  1.80000e-15
 3.35510e+00  1.80663e-15
 3.35525e+00  1.83793e-15
 3.35540e+00  1.86924e-15
 3.35555e+00  1.90056e-15
 3.35570e+00  1.93190e-15
 3.35585e+00  1.96324e-15
 3.35600e+00  1.99459e-15
 3.35615e+00  2.25959e-15
 3.35630e+00  2.57334e-15
 3.35645e+00  2.88721e-15
 3.35660e+00  3.20118e-15
 3.35675e+00  3.51526e-15
 3.35690e+00  3.82945e-15
 3.35705e+00  3.90656e-15
 3.35720e+00  3.70220e-15
 3.35735e+00  3.49776e-15
 3.35750e+00  3.29326e-15
 3.35765e+00  3.08868e-15
 3.35780e+00  2.88403e-15
 3.35795e+00  2.70000e-15
 3.35810e+00  2.70000e-15
 3.35825e+00  2.70000e-15
 3.35840e+00  2.70000e-15
 3.35855e+00  2.70000e-15
 3.35870e+00  2.70000e-15
 3.35885e+00  2.70000e-15
 3.35900e+00  2.61617e-15
 3.35915e+00  2.50563e-15
 3.35930e+00  2.39505e-15
 3.35945e+00  2.28444e-15
 3.35960e+00  2.17379e-15
 3.35975e+00  2.06310e-15
 3.35990e+00  2.13609e-15
 3.36005e+00  2.45257e-15
 3.36020e+00  2.76915e-15
 3.36035e+00  3.08585e-15
 3.36050e+00  3.40265e-15
 3.36065e+00  3.71957e-15
 3.36080e+00  4.01830e-15
 3.36095e+00  4.17686e-15
 3.36110e+00  4.33548e-15
 3.36125e+00  4.49416e-15
 3.36140e+00  4.65289e-15
 3.36155e+00  4.81168e-15
 3.36170e+00  4.97052e-15
 3.36185e+00  4.94823e-15
 3.36200e+00  4.88465e-15
 3.36215e+00  4.82105e-15
 3.36230e+00  4.75743e-15
 3.36245e+00  4.69378e-15
 3.36260e+00  4.63011e-15
 3.36275e+00  4.60839e-15
 3.36290e+00  4.62432e-15
 3.36305e+00  4.64026e-15
 3.36320e+00  4.65619e-15
 3.36335e+00  4.67214e-15
 3.36350e+00  4.68809e-15
 3.36365e+00  4.72427e-15
 3.36380e+00  4.82003e-15
 3.36395e+00  4.91583e-15
 3.36410e+00  5.01167e-15
 3.36425e+00  5.10753e-15
 3.36440e+00  5.20343e-15
 3.36455e+00  5.29936e-15
 3.36470e+00  5.37944e-15
 3.36485e+00  5.45944e-15
 3.36500e+00  5.53946e-15
 3.36515e+00  5.61952e-15
 3.36530e+00  5.69960e-15
 3.36545e+00  5.77971e-15
 3.36560e+00  5.71622e-15
 3.36575e+00  5.60399e-15
 3.36590e+00  5.49172e-15
 3.36605e+00  5.37941e-15
 3.36620e+00  5.26706e-15
 3.36635e+00  5.15468e-15
 3.36650e+00  5.10825e-15
 3.36665e+00  5.12432e-15
 3.36680e+00  5.14039e-15
 3.36695e+00  5.15646e-15
 3.36710e+00  5.17255e-15
 3.36725e+00  5.18864e-15
 3.36740e+00  5.21892e-15
 3.36755e+00  5.28332e-15
 3.36770e+00  5.34774e-15
 3.36785e+00  5.41218e-15
 3.36800e+00  5.47664e-15
 3.36815e+00  5.54113e-15
 3.36830e+00  5.58731e-15
 3.36845e+00  5.44211e-15
 3.36860e+00  5.29687e-15
 3.36875e+00  5.15157e-15
 3.36890e+00  5.00622e-15
 3.36905e+00  4.86083e-15
 3.36920e+00  4.71538e-15
 3.36935e+00  4.67108e-15
 3.36950e+00  4.63874e-15
 3.36965e+00  4.60639e-15
 3.36980e+00  4.57402e-15
 3.36995e+00  4.54164e-15
 3.37010e+00  4.50925e-15
 3.37025e+00  4.52315e-15
 3.37040e+00  4.55556e-15
 3.37055e+00  4.58798e-15
 3.37070e+00  4.62041e-15
 3.37085e+00  4.65286e-15
 3.37100e+00  4.68531e-15
 3.37115e+00  4.63777e-15
 3.37130e+00  4.52410e-15
 3.37145e+00  4.41038e-15
 3.37160e+00  4.29663e-15
 3.37175e+00  4.18284e-15
 3.37190e+00  4.06901e-15
 3.37205e+00  4.03845e-15
 3.37220e+00  4.13609e-15
 3.37235e+00  4.23376e-15
 3.37250e+00  4.33146e-15
 3.37265e+00  4.42920e-15
 3.37280e+00  4.52697e-15
 3.37295e+00  4.57522e-15
 3.37310e+00  4.47738e-15
 3.37325e+00  4.37951e-15
 3.37340e+00  4.28160e-15
 3.37355e+00  4.18366e-15
 3.37370e+00  4.08569e-15
 3.37385e+00  4.00000e-15
 3.37400e+00  4.00000e-15
 3.37415e+00  4.00000e-15
 3.37430e+00  4.00000e-15
 3.37445e+00  4.00000e-15
 3.37460e+00  4.00000e-15
 3.37475e+00  4.00036e-15
 3.37490e+00  4.03311e-15
 3.37505e+00  4.06587e-15
 3.37520e+00  4.09864e-15
 3.37535e+00  4.13142e-15
 3.37550e+00  4.16422e-15
 3.37565e+00  4.19702e-15
 3.37580e+00  4.24476e-15
 3.37595e+00  4.29400e-15
 3.37610e+00  4.34326e-15
 3.37625e+00  4.39253e-15
 3.37640e+00  4.44183e-15
 3.37655e+00  4.49114e-15
 3.37670e+00  4.50000e-15
 3.37685e+00  4.50000e-15
 3.37700e+00  4.50000e-15
 3.37715e+00  4.50000e-15
 3.37730e+00  4.50000e-15
 3.37745e+00  4.50000e-15
 3.37760e+00  4.46322e-15
 3.37775e+00  4.41377e-15
 3.37790e+00  4.36431e-15
 3.37805e+00  4.31483e-15
 3.37820e+00  4.26533e-15
 3.37835e+00  4.21582e-15
 3.37850e+00  4.28991e-15
 3.37865e+00  4.42204e-15
 3.37880e+00  4.55422e-15
 3.37895e+00  4.68644e-15
 3.37910e+00  4.81870e-15
 3.37925e+00  4.95102e-15
 3.37940e+00  4.95831e-15
 3.37955e+00  4.89211e-15
 3.37970e+00  4.82589e-15
 3.37985e+00  4.75964e-15
 3.38000e+00  4.69337e-15
 3.38015e+00  4.62707e-15
 3.38030e+00  4.60000e-15
 3.38045e+00  4.60000e-15
 3.38060e+00  4.60000e-15
 3.38075e+00  4.60000e-15
 3.38090e+00  4.60000e-15
 3.38105e+00  4.60000e-15
 3.38120e+00  4.44950e-15
 3.38135e+00  4.18359e-15
 3.38150e+00  3.91759e-15
 3.38165e+00  3.65150e-15
 3.38180e+00  3.38532e-15
 3.38195e+00  3.11904e-15
 3.38210e+00  3.00000e-15
 3.38225e+00  3.00000e-15
 3.38240e+00  3.00000e-15
 3.38255e+00  3.00000e-15
 3.38270e+00  3.00000e-15
 3.38285e+00  3.00000e-15
 3.38300e+00  3.00000e-15
 3.38315e+00  3.00000e-15
 3.38330e+00  3.00000e-15
 3.38345e+00  3.00000e-15
 3.38360e+00  3.00000e-15
 3.38375e+00  3.00000e-15
 3.38390e+00  3.00000e-15
 3.38405e+00  3.00000e-15
 3.38420e+00  3.00000e-15
 3.38435e+00  3.00000e-15
 3.38450e+00  3.00000e-15
 3.38465e+00  3.00000e-15
 3.38480e+00  3.01971e-15
 3.38495e+00  3.05323e-15
 3.38510e+00  3.08676e-15
 3.38525e+00  3.12029e-15
 3.38540e+00  3.15384e-15
 3.38555e+00  3.18741e-15
 3.38570e+00  3.28392e-15
 3.38585e+00  3.41826e-15
 3.38600e+00  3.55264e-15
 3.38615e+00  3.68707e-15
 3.38630e+00  3.82155e-15
 3.38645e+00  3.95608e-15
 3.38660e+00  4.05665e-15
 3.38675e+00  4.14079e-15
 3.38690e+00  4.22496e-15
 3.38705e+00  4.30915e-15
 3.38720e+00  4.39337e-15
 3.38735e+00  4.47763e-15
 3.38750e+00  4.50000e-15
 3.38765e+00  4.50000e-15
 3.38780e+00  4.50000e-15
 3.38795e+00  4.50000e-15
 3.38810e+00  4.50000e-15
 3.38825e+00  4.50000e-15
 3.38840e+00  4.43179e-15
 3.38855e+00  4.34731e-15
 3.38870e+00  4.26279e-15
 3.38885e+00  4.17825e-15
 3.38900e+00  4.09368e-15
 3.38915e+00  4.00907e-15
 3.38930e+00  4.07556e-15
 3.38945e+00  4.16022e-15
 3.38960e+00  4.24491e-15
 3.38975e+00  4.32963e-15
 3.38990e+00  4.41438e-15
 3.39005e+00  4.49915e-15
 3.39020e+00  4.73509e-15
 3.39035e+00  4.97263e-15
 3.39050e+00  5.21026e-15
 3.39065e+00  5.44796e-15
 3.39080e+00  5.68575e-15
 3.39095e+00  5.89831e-15
 3.39110e+00  5.88132e-15
 3.39125e+00  5.86431e-15
 3.39140e+00  5.84731e-15
 3.39155e+00  5.83029e-15
 3.39170e+00  5.81327e-15
 3.39185e+00  5.83755e-15
 3.39200e+00  6.00787e-15
 3.39215e+00  6.17824e-15
 3.39230e+00  6.34868e-15
 3.39245e+00  6.51918e-15
 3.39260e+00  6.68973e-15
 3.39275e+00  6.76983e-15
 3.39290e+00  6.68449e-15
 3.39305e+00  6.59913e-15
 3.39320e+00  6.51373e-15
 3.39335e+00  6.42831e-15
 3.39350e+00  6.34285e-15
 3.39365e+00  6.31705e-15
 3.39380e+00  6.35126e-15
 3.39395e+00  6.38547e-15
 3.39410e+00  6.41970e-15
 3.39425e+00  6.45394e-15
 3.39440e+00  6.48820e-15
 3.39455e+00  6.50000e-15
 3.39470e+00  6.50000e-15
 3.39485e+00  6.50000e-15
 3.39500e+00  6.50000e-15
 3.39515e+00  6.50000e-15
 3.39530e+00  6.50000e-15
 3.39545e+00  6.57074e-15
 3.39560e+00  6.65661e-15
 3.39575e+00  6.74250e-15
 3.39590e+00  6.82843e-15
 3.39605e+00  6.91439e-15
 3.39620e+00  6.99993e-15
 3.39635e+00  6.98272e-15
 3.39650e+00  6.96551e-15
 3.39665e+00  6.94830e-15
 3.39680e+00  6.93108e-15
 3.39695e+00  6.91385e-15
 3.39710e+00  6.89662e-15
 3.39725e+00  6.87938e-15
 3.39740e+00  6.86213e-15
 3.39755e+00  6.84488e-15
 3.39770e+00  6.82762e-15
 3.39785e+00  6.81036e-15
 3.39800e+00  6.84835e-15
 3.39815e+00  6.96927e-15
 3.39830e+00  7.09024e-15
 3.39845e+00  7.21125e-15
 3.39860e+00  7.33229e-15
 3.39875e+00  7.45339e-15
 3.39890e+00  7.39355e-15
 3.39905e+00  7.22044e-15
 3.39920e+00  7.04728e-15
 3.39935e+00  6.87405e-15
 3.39950e+00  6.70076e-15
 3.39965e+00  6.52742e-15
 3.39980e+00  6.35401e-15
 3.39995e+00  6.18055e-15
 3.40010e+00  6.00702e-15
 3.40025e+00  5.83344e-15
 3.40040e+00  5.65979e-15
 3.40055e+00  5.51391e-15
 3.40070e+00  5.68768e-15
 3.40085e+00  5.86150e-15
 3.40100e+00  6.03539e-15
 3.40115e+00  6.20933e-15
 3.40130e+00  6.38334e-15
 3.40145e+00  6.44260e-15
 3.40160e+00  6.26847e-15
 3.40175e+00  6.09429e-15
 3.40190e+00  5.92004e-15
 3.40205e+00  5.74574e-15
 3.40220e+00  5.57137e-15
 3.40235e+00  5.60306e-15
 3.40250e+00  5.77754e-15
 3.40265e+00  5.95209e-15
 3.40280e+00  6.12670e-15
 3.40295e+00  6.30136e-15
 3.40310e+00  6.47609e-15
 3.40325e+00  6.39438e-15
 3.40340e+00  6.27199e-15
 3.40355e+00  6.14955e-15
 3.40370e+00  6.02708e-15
 3.40385e+00  5.90455e-15
 3.40400e+00  5.84888e-15
 3.40415e+00  6.18167e-15
 3.40430e+00  6.51457e-15
 3.40445e+00  6.84758e-15
 3.40460e+00  7.18072e-15
 3.40475e+00  7.51396e-15
 3.40490e+00  7.59145e-15
 3.40505e+00  7.34573e-15
 3.40520e+00  7.09992e-15
 3.40535e+00  6.85403e-15
 3.40550e+00  6.60806e-15
 3.40565e+00  6.36200e-15
 3.40580e+00  6.12901e-15
 3.40595e+00  5.90037e-15
 3.40610e+00  5.67165e-15
 3.40625e+00  5.44285e-15
 3.40640e+00  5.21397e-15
 3.40655e+00  4.99769e-15
 3.40670e+00  4.96246e-15
 3.40685e+00  4.92721e-15
 3.40700e+00  4.89195e-15
 3.40715e+00  4.85667e-15
 3.40730e+00  4.82139e-15
 3.40745e+00  4.86954e-15
 3.40760e+00  5.04609e-15
 3.40775e+00  5.22269e-15
 3.40790e+00  5.39936e-15
 3.40805e+00  5.57609e-15
 3.40820e+00  5.75289e-15
 3.40835e+00  5.81297e-15
 3.40850e+00  5.83067e-15
 3.40865e+00  5.84836e-15
 3.40880e+00  5.86607e-15
 3.40895e+00  5.88378e-15
 3.40910e+00  5.88956e-15
 3.40925e+00  5.76550e-15
 3.40940e+00  5.64141e-15
 3.40955e+00  5.51727e-15
 3.40970e+00  5.39308e-15
 3.40985e+00  5.26886e-15
 3.41000e+00  5.16042e-15
 3.41015e+00  5.07163e-15
 3.41030e+00  4.98280e-15
 3.41045e+00  4.89395e-15
 3.41060e+00  4.80506e-15
 3.41075e+00  4.71615e-15
 3.41090e+00  4.77280e-15
 3.41105e+00  4.86178e-15
 3.41120e+00  4.95079e-15
 3.41135e+00  5.03983e-15
 3.41150e+00  5.12890e-15
 3.41165e+00  5.20000e-15
 3.41180e+00  5.20000e-15
 3.41195e+00  5.20000e-15
 3.41210e+00  5.20000e-15
 3.41225e+00  5.20000e-15
 3.41240e+00  5.20000e-15
 3.41255e+00  5.18935e-15
 3.41270e+00  5.17149e-15
 3.41285e+00  5.15362e-15
 3.41300e+00  5.13574e-15
 3.41315e+00  5.11786e-15
 3.41330e+00  5.09977e-15
 3.41345e+00  4.95662e-15
 3.41360e+00  4.81342e-15
 3.41375e+00  4.67017e-15
 3.41390e+00  4.52686e-15
 3.41405e+00  4.38351e-15
 3.41420e+00  4.27754e-15
 3.41435e+00  4.22375e-15
 3.41450e+00  4.16994e-15
 3.41465e+00  4.11610e-15
 3.41480e+00  4.06225e-15
 3.41495e+00  4.00839e-15
 3.41510e+00  4.22750e-15
 3.41525e+00  4.49703e-15
 3.41540e+00  4.76665e-15
 3.41555e+00  5.03636e-15
 3.41570e+00  5.30617e-15
 3.41585e+00  5.56086e-15
 3.41600e+00  5.77685e-15
 3.41615e+00  5.99292e-15
 3.41630e+00  6.20907e-15
 3.41645e+00  6.42528e-15
 3.41660e+00  6.64158e-15
 3.41675e+00  6.47624e-15
 3.41690e+00  6.16962e-15
 3.41705e+00  5.86288e-15
 3.41720e+00  5.55604e-15
 3.41735e+00  5.24910e-15
 3.41750e+00  5.00682e-15
 3.41765e+00  5.04295e-15
 3.41780e+00  5.07910e-15
 3.41795e+00  5.11526e-15
 3.41810e+00  5.15144e-15
 3.41825e+00  5.18762e-15
 3.41840e+00  5.37867e-15
 3.41855e+00  5.65025e-15
 3.41870e+00  5.92193e-15
 3.41885e+00  6.19370e-15
 3.41900e+00  6.46556e-15
 3.41915e+00  6.69250e-15
 3.41930e+00  6.63809e-15
 3.41945e+00  6.58366e-15
 3.41960e+00  6.52921e-15
 3.41975e+00  6.47474e-15
 3.41990e+00  6.42025e-15
 3.42005e+00  6.06892e-15
 3.42020e+00  5.54186e-15
 3.42035e+00  5.01462e-15
 3.42050e+00  4.48719e-15
 3.42065e+00  3.95959e-15
 3.42080e+00  3.49059e-15
 3.42095e+00  3.41777e-15
 3.42110e+00  3.34492e-15
 3.42125e+00  3.27205e-15
 3.42140e+00  3.19915e-15
 3.42155e+00  3.12622e-15
 3.42170e+00  2.97150e-15
 3.42185e+00  2.77082e-15
 3.42200e+00  2.57007e-15
 3.42215e+00  2.36925e-15
 3.42230e+00  2.16837e-15
 3.42245e+00  2.00593e-15
 3.42260e+00  2.04248e-15
 3.42275e+00  2.07904e-15
 3.42290e+00  2.11561e-15
 3.42305e+00  2.15220e-15
 3.42320e+00  2.18880e-15
 3.42335e+00  2.11104e-15
 3.42350e+00  1.98285e-15
 3.42365e+00  1.85461e-15
 3.42380e+00  1.72633e-15
 3.42395e+00  1.59801e-15
 3.42410e+00  1.52169e-15
 3.42425e+00  1.61341e-15
 3.42440e+00  1.70517e-15
 3.42455e+00  1.79695e-15
 3.42470e+00  1.88877e-15
 3.42485e+00  1.98062e-15
 3.42500e+00  2.07251e-15
 3.42515e+00  2.16442e-15
 3.42530e+00  2.25637e-15
 3.42545e+00  2.34834e-15
 3.42560e+00  2.44035e-15
 3.42575e+00  2.50000e-15
 3.42590e+00  2.50000e-15
 3.42605e+00  2.50000e-15
 3.42620e+00  2.50000e-15
 3.42635e+00  2.50000e-15
 3.42650e+00  2.50000e-15
 3.42665e+00  2.50000e-15
 3.42680e+00  2.50000e-15
 3.42695e+00  2.50000e-15
 3.42710e+00  2.50000e-15
 3.42725e+00  2.50000e-15
 3.42740e+00  2.54695e-15
 3.42755e+00  2.63937e-15
 3.42770e+00  2.73183e-15
 3.42785e+00  2.82431e-15
 3.42800e+00  2.91683e-15
 3.42815e+00  3.01501e-15
 3.42830e+00  3.16315e-15
 3.42845e+00  3.31133e-15
 3.42860e+00  3.45957e-15
 3.42875e+00  3.60785e-15
 3.42890e+00  3.75619e-15
 3.42905e+00  3.85229e-15
 3.42920e+00  3.92651e-15
 3.42935e+00  4.00076e-15
 3.42950e+00  4.07503e-15
 3.42965e+00  4.14932e-15
 3.42980e+00  4.18818e-15
 3.42995e+00  4.15100e-15
 3.43010e+00  4.11382e-15
 3.43025e+00  4.07662e-15
 3.43040e+00  4.03940e-15
 3.43055e+00  4.00218e-15
 3.43070e+00  3.82469e-15
 3.43085e+00  3.63843e-15
 3.43100e+00  3.45211e-15
 3.43115e+00  3.26573e-15
 3.43130e+00  3.07928e-15
 3.43145e+00  3.10724e-15
 3.43160e+00  3.29381e-15
 3.43175e+00  3.48046e-15
 3.43190e+00  3.66717e-15
 3.43205e+00  3.85394e-15
 3.43220e+00  4.08155e-15
 3.43235e+00  4.45535e-15
 3.43250e+00  4.82928e-15
 3.43265e+00  5.20334e-15
 3.43280e+00  5.57753e-15
 3.43295e+00  5.95185e-15
 3.43310e+00  5.98369e-15
 3.43325e+00  5.96496e-15
 3.43340e+00  5.94622e-15
 3.43355e+00  5.92748e-15
 3.43370e+00  5.90873e-15
 3.43385e+00  5.91002e-15
 3.43400e+00  5.92879e-15
 3.43415e+00  5.94755e-15
 3.43430e+00  5.96633e-15
 3.43445e+00  5.98511e-15
 3.43460e+00  6.00000e-15
 3.43475e+00  6.00000e-15
 3.43490e+00  6.00000e-15
 3.43505e+00  6.00000e-15
 3.43520e+00  6.00000e-15
 3.43535e+00  6.00000e-15
 3.43550e+00  5.96649e-15
 3.43565e+00  5.92883e-15
 3.43580e+00  5.89115e-15
 3.43595e+00  5.85346e-15
 3.43610e+00  5.81575e-15
 3.43625e+00  5.76705e-15
 3.43640e+00  5.71045e-15
 3.43655e+00  5.65384e-15
 3.43670e+00  5.59720e-15
 3.43685e+00  5.54055e-15
 3.43700e+00  5.58062e-15
 3.43715e+00  5.86409e-15
 3.43730e+00  6.14765e-15
 3.43745e+00  6.43131e-15
 3.43760e+00  6.71508e-15
 3.43775e+00  6.99893e-15
 3.43790e+00  6.98114e-15
 3.43805e+00  6.96220e-15
 3.43820e+00  6.94326e-15
 3.43835e+00  6.92431e-15
 3.43850e+00  6.90535e-15
 3.43865e+00  6.85917e-15
 3.43880e+00  6.80226e-15
 3.43895e+00  6.74533e-15
 3.43910e+00  6.68838e-15
 3.43925e+00  6.63141e-15
 3.43940e+00  6.58295e-15
 3.43955e+00  6.54495e-15
 3.43970e+00  6.50693e-15
 3.43985e+00  6.46890e-15
 3.44000e+00  6.43085e-15
 3.44015e+00  6.33155e-15
 3.44030e+00  5.96987e-15
 3.44045e+00  5.60808e-15
 3.44060e+00  5.24615e-15
 3.44075e+00  4.88411e-15
 3.44090e+00  4.52193e-15
 3.44105e+00  4.23129e-15
 3.44120e+00  3.94517e-15
 3.44135e+00  3.65895e-15
 3.44150e+00  3.37262e-15
 3.44165e+00  3.08620e-15
 3.44180e+00  2.90652e-15
 3.44195e+00  2.77276e-15
 3.44210e+00  2.63896e-15
 3.44225e+00  2.50512e-15
 3.44240e+00  2.37122e-15
 3.44255e+00  2.24624e-15
 3.44270e+00  2.13140e-15
 3.44285e+00  2.01651e-15
 3.44300e+00  1.90159e-15
 3.44315e+00  1.78662e-15
 3.44330e+00  1.69054e-15
 3.44345e+00  1.65219e-15
 3.44360e+00  1.61383e-15
 3.44375e+00  1.57546e-15
 3.44390e+00  1.53707e-15
 3.44405e+00  1.50533e-15
 3.44420e+00  1.65899e-15
 3.44435e+00  1.81270e-15
 3.44450e+00  1.96646e-15
 3.44465e+00  2.12028e-15
 3.44480e+00  2.27415e-15
 3.44495e+00  1.96382e-15
 3.44510e+00  1.55964e-15
 3.44525e+00  1.15531e-15
 3.44540e+00  7.50845e-16
 3.44555e+00  3.46240e-16
 3.44570e+00  2.73858e-16
 3.44585e+00  3.89540e-16
 3.44600e+00  5.05261e-16
 3.44615e+00  6.21022e-16
 3.44630e+00  7.36823e-16
 3.44645e+00  7.91223e-16
 3.44660e+00  7.71909e-16
 3.44675e+00  7.52589e-16
 3.44690e+00  7.33262e-16
 3.44705e+00  7.13928e-16
 3.44720e+00  6.78352e-16
 3.44735e+00  6.00965e-16
 3.44750e+00  5.23550e-16
 3.44765e+00  4.46109e-16
 3.44780e+00  3.68641e-16
 3.44795e+00  3.11067e-16
 3.44810e+00  4.07969e-16
 3.44825e+00  5.04904e-16
 3.44840e+00  6.01873e-16
 3.44855e+00  6.98875e-16
 3.44870e+00  7.95911e-16
 3.44885e+00  7.07020e-16
 3.44900e+00  6.09917e-16
 3.44915e+00  5.12781e-16
 3.44930e+00  4.15611e-16
 3.44945e+00  3.18407e-16
 3.44960e+00  3.00000e-16
 3.44975e+00  3.00000e-16
 3.44990e+00  3.00000e-16
 3.45005e+00  3.00000e-16
 3.45020e+00  3.00000e-16
 3.45035e+00  7.32429e-16
 3.45050e+00  1.37552e-15
 3.45065e+00  2.01884e-15
 3.45080e+00  2.66238e-15
 3.45095e+00  3.30615e-15
 3.45110e+00  3.82281e-15
 3.45125e+00  4.23276e-15
 3.45140e+00  4.64285e-15
 3.45155e+00  5.05309e-15
 3.45170e+00  5.46346e-15
 3.45185e+00  5.74142e-15
 3.45200e+00  5.83920e-15
 3.45215e+00  5.93701e-15
 3.45230e+00  6.03485e-15
 3.45245e+00  6.13273e-15
 3.45260e+00  6.27967e-15
 3.45275e+00  6.53432e-15
 3.45290e+00  6.78907e-15
 3.45305e+00  7.04390e-15
 3.45320e+00  7.29882e-15
 3.45335e+00  7.49172e-15
 3.45350e+00  7.45247e-15
 3.45365e+00  7.41321e-15
 3.45380e+00  7.37394e-15
 3.45395e+00  7.33465e-15
 3.45410e+00  7.29303e-15
 3.45425e+00  7.23406e-15
 3.45440e+00  7.17507e-15
 3.45455e+00  7.11606e-15
 3.45470e+00  7.05703e-15
 3.45485e+00  6.99595e-15
 3.45500e+00  6.87781e-15
 3.45515e+00  6.75962e-15
 3.45530e+00  6.64140e-15
 3.45545e+00  6.52313e-15
 3.45560e+00  6.40482e-15
 3.45575e+00  6.22971e-15
 3.45590e+00  6.05213e-15
 3.45605e+00  5.87448e-15
 3.45620e+00  5.69677e-15
 3.45635e+00  5.51900e-15
 3.45650e+00  5.55294e-15
 3.45665e+00  5.61224e-15
 3.45680e+00  5.67156e-15
 3.45695e+00  5.73089e-15
 3.45710e+00  5.79025e-15
 3.45725e+00  5.86618e-15
 3.45740e+00  5.94538e-15
 3.45755e+00  6.02460e-15
 3.45770e+00  6.10386e-15
 3.45785e+00  6.18314e-15
 3.45800e+00  6.09072e-15
 3.45815e+00  5.95188e-15
 3.45830e+00  5.81299e-15
 3.45845e+00  5.67406e-15
 3.45860e+00  5.53508e-15
 3.45875e+00  5.42575e-15
 3.45890e+00  5.32641e-15
 3.45905e+00  5.22703e-15
 3.45920e+00  5.12762e-15
 3.45935e+00  5.02817e-15
 3.45950e+00  4.95722e-15
 3.45965e+00  4.89751e-15
 3.45980e+00  4.83778e-15
 3.45995e+00  4.77803e-15
 3.46010e+00  4.71826e-15
 3.46025e+00  4.67231e-15
 3.46040e+00  4.63244e-15
 3.46055e+00  4.59255e-15
 3.46070e+00  4.55265e-15
 3.46085e+00  4.51273e-15
 3.46100e+00  4.44561e-15
 3.46115e+00  4.36572e-15
 3.46130e+00  4.28581e-15
 3.46145e+00  4.20587e-15
 3.46160e+00  4.12590e-15
 3.46175e+00  3.89713e-15
 3.46190e+00  3.59704e-15
 3.46205e+00  3.29685e-15
 3.46220e+00  2.99655e-15
 3.46235e+00  2.69615e-15
 3.46250e+00  2.62725e-15
 3.46265e+00  2.66733e-15
 3.46280e+00  2.70742e-15
 3.46295e+00  2.74753e-15
 3.46310e+00  2.78766e-15
 3.46325e+00  2.80000e-15
 3.46340e+00  2.80000e-15
 3.46355e+00  2.80000e-15
 3.46370e+00  2.80000e-15
 3.46385e+00  2.80000e-15
 3.46400e+00  2.80000e-15
 3.46415e+00  2.80000e-15
 3.46430e+00  2.80000e-15
 3.46445e+00  2.80000e-15
 3.46460e+00  2.80000e-15
 3.46475e+00  2.81496e-15
 3.46490e+00  2.83511e-15
 3.46505e+00  2.85526e-15
 3.46520e+00  2.87542e-15
 3.46535e+00  2.89558e-15
 3.46550e+00  3.23086e-15
 3.46565e+00  3.65463e-15
 3.46580e+00  4.07855e-15
 3.46595e+00  4.50261e-15
 3.46610e+00  4.92682e-15
 3.46625e+00  5.16723e-15
 3.46640e+00  5.36937e-15
 3.46655e+00  5.57159e-15
 3.46670e+00  5.77387e-15
 3.46685e+00  5.97623e-15
 3.46700e+00  5.82135e-15
 3.46715e+00  5.61886e-15
 3.46730e+00  5.41629e-15
 3.46745e+00  5.21366e-15
 3.46760e+00  5.01096e-15
 3.46775e+00  4.96164e-15
 3.46790e+00  4.92107e-15
 3.46805e+00  4.88048e-15
 3.46820e+00  4.83989e-15
 3.46835e+00  4.80253e-15
 3.46850e+00  4.94472e-15
 3.46865e+00  5.08695e-15
 3.46880e+00  5.22924e-15
 3.46895e+00  5.37157e-15
 3.46910e+00  5.49003e-15
 3.46925e+00  5.38829e-15
 3.46940e+00  5.28652e-15
 3.46955e+00  5.18471e-15
 3.46970e+00  5.08287e-15
 3.46985e+00  4.96959e-15
 3.47000e+00  4.80652e-15
 3.47015e+00  4.64341e-15
 3.47030e+00  4.48023e-15
 3.47045e+00  4.31700e-15
 3.47060e+00  4.18264e-15
 3.47075e+00  4.12139e-15
 3.47090e+00  4.06011e-15
 3.47105e+00  3.99882e-15
 3.47120e+00  3.93750e-15
 3.47135e+00  3.98741e-15
 3.47150e+00  4.21239e-15
 3.47165e+00  4.43746e-15
 3.47180e+00  4.66260e-15
 3.47195e+00  4.88782e-15
 3.47210e+00  4.94859e-15
 3.47225e+00  4.84614e-15
 3.47240e+00  4.74366e-15
 3.47255e+00  4.64115e-15
 3.47270e+00  4.53860e-15
 3.47285e+00  4.38483e-15
 3.47300e+00  4.20011e-15
 3.47315e+00  4.01533e-15
 3.47330e+00  3.83049e-15
 3.47345e+00  3.64558e-15
 3.47360e+00  3.81683e-15
 3.47375e+00  4.10466e-15
 3.47390e+00  4.39259e-15
 3.47405e+00  4.68062e-15
 3.47420e+00  4.96875e-15
 3.47435e+00  5.00000e-15
 3.47450e+00  5.00000e-15
 3.47465e+00  5.00000e-15
 3.47480e+00  5.00000e-15
 3.47495e+00  4.97820e-15
 3.47510e+00  4.40074e-15
 3.47525e+00  3.82308e-15
 3.47540e+00  3.24523e-15
 3.47555e+00  2.66717e-15
 3.47570e+00  2.15239e-15
 3.47585e+00  1.90448e-15
 3.47600e+00  1.65649e-15
 3.47615e+00  1.40841e-15
 3.47630e+00  1.16024e-15
 3.47645e+00  1.22003e-15
 3.47660e+00  1.84088e-15
 3.47675e+00  2.46194e-15
 3.47690e+00  3.08321e-15
 3.47705e+00  3.70470e-15
 3.47720e+00  3.86944e-15
 3.47735e+00  3.62067e-15
 3.47750e+00  3.37182e-15
 3.47765e+00  3.12288e-15
 3.47780e+00  2.87385e-15
 3.47795e+00  2.42028e-15
 3.47810e+00  1.88035e-15
 3.47825e+00  1.34024e-15
 3.47840e+00  7.99936e-16
 3.47855e+00  2.59449e-16
 3.47870e+00  1.62983e-16
 3.47885e+00  1.21378e-16
 3.47900e+00  7.97590e-17
 3.47915e+00  3.81256e-17
 3.47930e+00  1.40886e-17
 3.47945e+00  1.80737e-16
 3.47960e+00  3.47444e-16
 3.47975e+00  5.14207e-16
 3.47990e+00  6.81029e-16
 3.48005e+00  7.52092e-16
 3.48020e+00  5.85155e-16
 3.48035e+00  4.18161e-16
 3.48050e+00  2.51109e-16
 3.48065e+00  8.39989e-17
 3.48080e+00  1.03961e-16
 3.48095e+00  3.12992e-16
 3.48110e+00  5.22096e-16
 3.48125e+00  7.31272e-16
 3.48140e+00  9.40521e-16
 3.48155e+00  1.11987e-15
 3.48170e+00  1.28739e-15
 3.48185e+00  1.45496e-15
 3.48200e+00  1.62259e-15
 3.48215e+00  1.79028e-15
 3.48230e+00  1.48395e-15
 3.48245e+00  1.14835e-15
 3.48260e+00  8.12622e-16
 3.48275e+00  4.76782e-16
 3.48290e+00  2.29587e-16
 3.48305e+00  3.97623e-16
 3.48320e+00  5.65716e-16
 3.48335e+00  7.33868e-16
 3.48350e+00  9.02078e-16
 3.48365e+00  9.82413e-16
 3.48380e+00  9.40332e-16
 3.48395e+00  8.98236e-16
 3.48410e+00  8.56125e-16
 3.48425e+00  8.14000e-16
 3.48440e+00  7.57790e-16
 3.48455e+00  6.94559e-16
 3.48470e+00  6.31305e-16
 3.48485e+00  5.68030e-16
 3.48500e+00  5.04733e-16
 3.48515e+00  5.97643e-16
 3.48530e+00  7.03211e-16
 3.48545e+00  8.08815e-16
 3.48560e+00  9.14456e-16
 3.48575e+00  1.02416e-15
 3.48590e+00  1.15102e-15
 3.48605e+00  1.27792e-15
 3.48620e+00  1.40486e-15
 3.48635e+00  1.53185e-15
 3.48650e+00  1.50186e-15
 3.48665e+00  1.29007e-15
 3.48680e+00  1.07820e-15
 3.48695e+00  8.66265e-16
 3.48710e+00  6.54252e-16
 3.48725e+00  8.68317e-16
 3.48740e+00  1.22899e-15
 3.48755e+00  1.58978e-15
 3.48770e+00  1.95070e-15
 3.48785e+00  2.29171e-15
 3.48800e+00  2.03676e-15
 3.48815e+00  1.78173e-15
 3.48830e+00  1.52661e-15
 3.48845e+00  1.27141e-15
 3.48860e+00  1.02310e-15
 3.48875e+00  7.89000e-16
 3.48890e+00  5.54818e-16
 3.48905e+00  3.20554e-16
 3.48920e+00  8.62097e-17
 3.48935e+00  0.00000e+00
 3.48950e+00  0.00000e+00
 3.48965e+00  0.00000e+00
 3.48980e+00  0.00000e+00
 3.48995e+00  0.00000e+00
 3.49010e+00  0.00000e+00
 3.49025e+00  0.00000e+00
 3.49040e+00  0.00000e+00
 3.49055e+00  1.25969e-15
 3.49070e+00  1.46103e-15
 3.49085e+00  9.58959e-16
 3.49100e+00  1.85369e-15
 3.49115e+00  3.39050e-16
 3.49130e+00  6.32265e-16
 3.49145e+00  1.71376e-15
 3.49160e+00  2.31339e-15
 3.49175e+00  1.58243e-15
 3.49190e+00  1.71564e-15
 3.49205e+00  1.99633e-15
 3.49220e+00  2.21548e-15
 3.49235e+00  2.99010e-15
 3.49250e+00  3.38457e-15
 3.49265e+00  2.81350e-15
 3.49280e+00  1.79567e-15
 3.49295e+00  2.99586e-15
 3.49310e+00  1.78522e-15
 3.49325e+00  1.22350e-15
 3.49340e+00  3.79803e-15
 3.49355e+00  3.68060e-15
 3.49370e+00  6.46233e-15
 3.49385e+00  3.88248e-15
 3.49400e+00  3.70825e-15
 3.49415e+00  1.41341e-15
 3.49430e+00  3.54376e-15
 3.49445e+00  2.25609e-15
 3.49460e+00  1.71736e-15
 3.49475e+00  2.00557e-15
 3.49490e+00  2.23947e-15
 3.49505e+00  2.62428e-15
 3.49520e+00  1.32346e-15
 3.49535e+00  3.44202e-15
 3.49550e+00  3.53889e-15
 3.49565e+00  2.92156e-15
 3.49580e+00  2.98477e-15
 3.49595e+00  2.25387e-15
 3.49610e+00  4.28911e-15
 3.49625e+00  2.26328e-15
 3.49640e+00  2.71085e-15
 3.49655e+00  3.43183e-15
 3.49670e+00  3.16016e-15
 3.49685e+00  1.14976e-15
 3.49700e+00  8.66365e-16
 3.49715e+00  1.12132e-15
 3.49730e+00  1.76086e-15
 3.49745e+00  1.18991e-15
 3.49760e+00  1.43861e-15
 3.49775e+00  1.82433e-15
 3.49790e+00  1.48070e-15
 3.49805e+00  1.54405e-15
 3.49820e+00  2.09097e-15
 3.49835e+00  1.50079e-15
 3.49850e+00  3.04812e-15
 3.49865e+00  2.20347e-15
 3.49880e+00  2.20314e-15
 3.49895e+00  1.60239e-15
 3.49910e+00  2.97950e-15
 3.49925e+00  1.76206e-15
 3.49940e+00  1.45246e-15
 3.49955e+00  2.18664e-15
 3.49970e+00  3.25106e-15
 3.49985e+00  3.46897e-15
 3.50000e+00  4.84960e-15
 3.50015e+00  4.58076e-15
 3.50030e+00  5.22645e-15
 3.50045e+00  3.79335e-15
 3.50060e+00  3.20773e-15
 3.50075e+00  3.91559e-15
 3.50090e+00  3.59015e-15
 3.50105e+00  4.19452e-15
 3.50120e+00  4.10724e-15
 3.50135e+00  2.26526e-15
 3.50150e+00  8.56969e-16
 3.50165e+00  1.65665e-15
 3.50180e+00  2.80329e-15
 3.50195e+00  3.10914e-15
 3.50210e+00  4.23770e-15
 3.50225e+00  5.03076e-15
 3.50240e+00  5.16399e-15
 3.50255e+00  5.87276e-15
 3.50270e+00  5.75247e-15
 3.50285e+00  6.85489e-15
 3.50300e+00  6.83703e-15
 3.50315e+00  5.75704e-15
 3.50330e+00  5.77748e-15
 3.50345e+00  6.90001e-15
 3.50360e+00  6.20853e-15
 3.50375e+00  4.33134e-15
 3.50390e+00  4.83990e-15
 3.50405e+00  6.75518e-15
 3.50420e+00  7.95706e-15
 3.50435e+00  7.47772e-15
 3.50450e+00  6.82484e-15
 3.50465e+00  5.91637e-15
 3.50480e+00  3.98660e-15
 3.50495e+00  3.66090e-15
 3.50510e+00  1.92368e-15
 3.50525e+00  1.53096e-15
 3.50540e+00  1.43001e-15
 3.50555e+00  2.08400e-15
 3.50570e+00  2.49110e-15
 3.50585e+00  2.24809e-15
 3.50600e+00  1.49117e-15
 3.50615e+00  2.83899e-15
 3.50630e+00  4.22931e-15
 3.50645e+00  5.63549e-15
 3.50660e+00  5.64861e-15
 3.50675e+00  5.77701e-15
 3.50690e+00  5.49236e-15
 3.50705e+00  5.11407e-15
 3.50720e+00  3.35311e-15
 3.50735e+00  1.59414e-15
 3.50750e+00  3.15504e-15
 3.50765e+00  2.55553e-15
 3.50780e+00  2.85241e-15
 3.50795e+00  1.89691e-15
 3.50810e+00  2.43663e-15
 3.50825e+00  3.41908e-15
 3.50840e+00  4.35092e-15
 3.50855e+00  4.19944e-15
 3.50870e+00  5.98172e-15
 3.50885e+00  6.86695e-15
 3.50900e+00  6.10517e-15
 3.50915e+00  5.62651e-15
 3.50930e+00  4.94382e-15
 3.50945e+00  4.72225e-15
 3.50960e+00  5.22342e-15
 3.50975e+00  5.99038e-15
 3.50990e+00  5.65645e-15
 3.51005e+00  4.22816e-15
 3.51020e+00  5.38394e-15
 3.51035e+00  3.27519e-15
 3.51050e+00  5.43649e-15
 3.51065e+00  4.23392e-15
 3.51080e+00  4.57733e-15
 3.51095e+00  5.49156e-15
 3.51110e+00  5.87711e-15
 3.51125e+00  5.14931e-15
 3.51140e+00  5.45817e-15
 3.51155e+00  6.22322e-15
 3.51170e+00  6.96478e-15
 3.51185e+00  5.28469e-15
 3.51200e+00  5.94455e-15
 3.51215e+00  5.80854e-15
 3.51230e+00  6.78032e-15
 3.51245e+00  6.33139e-15
 3.51260e+00  8.77003e-15
 3.51275e+00  8.10470e-15
 3.51290e+00  7.19953e-15
 3.51305e+00  7.02153e-15
 3.51320e+00  5.74826e-15
 3.51335e+00  4.84775e-15
 3.51350e+00  4.60969e-15
 3.51365e+00  4.03697e-15
 3.51380e+00  5.46154e-15
 3.51395e+00  5.08760e-15
 3.51410e+00  4.31471e-15
 3.51425e+00  5.06297e-15
 3.51440e+00  5.24502e-15
 3.51455e+00  4.66554e-15
 3.51470e+00  4.11978e-15
 3.51485e+00  5.57269e-15
 3.51500e+00  5.26105e-15
 3.51515e+00  7.45922e-15
 3.51530e+00  7.15998e-15
 3.51545e+00  8.84556e-15
 3.51560e+00  9.21646e-15
 3.51575e+00  6.96825e-15
 3.51590e+00  7.82726e-15
 3.51605e+00  7.81218e-15
 3.51620e+00  6.54473e-15
 3.51635e+00  5.03451e-15
 3.51650e+00  4.76717e-15
 3.51665e+00  5.40071e-15
 3.51680e+00  5.40904e-15
 3.51695e+00  5.40714e-15
 3.51710e+00  4.05779e-15
 3.51725e+00  5.40939e-15
 3.51740e+00  5.37976e-15
 3.51755e+00  4.33810e-15
 3.51770e+00  4.31249e-15
 3.51785e+00  4.98489e-15
 3.51800e+00  6.42613e-15
 3.51815e+00  6.10706e-15
 3.51830e+00  4.08943e-15
 3.51845e+00  3.11898e-15
 3.51860e+00  4.66214e-15
 3.51875e+00  3.66066e-15
 3.51890e+00  4.66626e-15
 3.51905e+00  5.20858e-15
 3.51920e+00  5.23944e-15
 3.51935e+00  3.82465e-15
 3.51950e+00  4.06978e-15
 3.51965e+00  3.56386e-15
 3.51980e+00  4.55084e-15
 3.51995e+00  4.31673e-15
 3.52010e+00  3.69161e-15
 3.52025e+00  4.19169e-15
 3.52040e+00  3.74537e-15
 3.52055e+00  4.09671e-15
 3.52070e+00  4.06505e-15
 3.52085e+00  1.79202e-15
 3.52100e+00  3.09784e-15
 3.52115e+00  3.70848e-15
 3.52130e+00  3.81137e-15
 3.52145e+00  3.51460e-15
 3.52160e+00  4.39040e-15
 3.52175e+00  3.79543e-15
 3.52190e+00  3.35511e-15
 3.52205e+00  3.57800e-15
 3.52220e+00  3.41999e-15
 3.52235e+00  2.88216e-15
 3.52250e+00  3.21377e-15
 3.52265e+00  3.67258e-15
 3.52280e+00  2.61198e-15
 3.52295e+00  3.63323e-15
 3.52310e+00  4.16821e-15
 3.52325e+00  4.59546e-15
 3.52340e+00  4.89721e-15
 3.52355e+00  2.97247e-15
 3.52370e+00  5.21153e-15
 3.52385e+00  3.16206e-15
 3.52400e+00  2.37596e-15
 3.52415e+00  3.67950e-15
 3.52430e+00  2.40656e-15
 3.52445e+00  2.17611e-15
 3.52460e+00  2.99999e-15
 3.52475e+00  2.60048e-15
 3.52490e+00  3.09491e-15
 3.52505e+00  3.64558e-15
 3.52520e+00  2.98891e-15
 3.52535e+00  2.83346e-15
 3.52550e+00  2.51958e-15
 3.52565e+00  1.99154e-15
 3.52580e+00  2.15286e-15
 3.52595e+00  2.37259e-15
 3.52610e+00  2.47938e-15
 3.52625e+00  2.33037e-15
 3.52640e+00  3.00644e-15
 3.52655e+00  2.71741e-15
 3.52670e+00  2.24483e-15
 3.52685e+00  3.10826e-15
 3.52700e+00  2.49567e-15
 3.52715e+00  1.32431e-15
 3.52730e+00  2.28716e-15
 3.52745e+00  3.62501e-15
 3.52760e+00  1.59886e-15
 3.52775e+00  2.30942e-15
 3.52790e+00  3.44917e-15
 3.52805e+00  2.98438e-15
 3.52820e+00  2.71002e-15
 3.52835e+00  2.30670e-15
 3.52850e+00  2.71236e-15
 3.52865e+00  3.52673e-15
 3.52880e+00  3.41460e-15
 3.52895e+00  4.05625e-15
 3.52910e+00  3.02871e-15
 3.52925e+00  2.12813e-15
 3.52940e+00  2.45676e-15
 3.52955e+00  2.19615e-15
 3.52970e+00  2.51912e-15
 3.52985e+00  2.00314e-15
 3.53000e+00  1.70735e-15
 3.53015e+00  2.98845e-15
 3.53030e+00  3.02063e-15
 3.53045e+00  3.10779e-15
 3.53060e+00  3.42779e-15
 3.53075e+00  4.06957e-15
 3.53090e+00  4.07273e-15
 3.53105e+00  3.21514e-15
 3.53120e+00  3.20980e-15
 3.53135e+00  3.82195e-15
 3.53150e+00  3.23838e-15
 3.53165e+00  4.42469e-15
 3.53180e+00  5.50358e-15
 3.53195e+00  4.63786e-15
 3.53210e+00  3.25010e-15
 3.53225e+00  3.56365e-15
 3.53240e+00  4.74552e-15
 3.53255e+00  5.10373e-15
 3.53270e+00  3.97927e-15
 3.53285e+00  4.09236e-15
 3.53300e+00  3.82809e-15
 3.53315e+00  3.35244e-15
 3.53330e+00  3.59391e-15
 3.53345e+00  3.24671e-15
 3.53360e+00  3.68034e-15
 3.53375e+00  2.76564e-15
 3.53390e+00  2.65159e-15
 3.53405e+00  2.13779e-15
 3.53420e+00  2.89580e-15
 3.53435e+00  2.89341e-15
 3.53450e+00  3.10253e-15
 3.53465e+00  2.76451e-15
 3.53480e+00  2.03507e-15
 3.53495e+00  1.38610e-15
 3.53510e+00  1.21254e-15
 3.53525e+00  9.16742e-16
 3.53540e+00  1.47841e-15
 3.53555e+00  2.15617e-15
 3.53570e+00  2.44237e-15
 3.53585e+00  3.09425e-15
 3.53600e+00  2.61210e-15
 3.53615e+00  3.11043e-15
 3.53630e+00  2.76930e-15
 3.53645e+00  3.13596e-15
 3.53660e+00  4.20168e-15
 3.53675e+00  3.90864e-15
 3.53690e+00  3.77998e-15
 3.53705e+00  3.51008e-15
 3.53720e+00  2.98633e-15
 3.53735e+00  1.39353e-15
 3.53750e+00  1.43285e-15
 3.53765e+00  1.60785e-15
 3.53780e+00  2.96182e-15
 3.53795e+00  2.63391e-15
 3.53810e+00  2.78488e-15
 3.53825e+00  3.12154e-15
 3.53840e+00  3.29095e-15
 3.53855e+00  3.64282e-15
 3.53870e+00  4.03354e-15
 3.53885e+00  2.74985e-15
 3.53900e+00  3.34792e-15
 3.53915e+00  2.83680e-15
 3.53930e+00  3.10733e-15
 3.53945e+00  3.32319e-15
 3.53960e+00  3.29306e-15
 3.53975e+00  3.43229e-15
 3.53990e+00  3.77674e-15
 3.54005e+00  4.33874e-15
 3.54020e+00  4.27141e-15
 3.54035e+00  3.22790e-15
 3.54050e+00  3.34232e-15
 3.54065e+00  3.62246e-15
 3.54080e+00  3.38650e-15
 3.54095e+00  3.59674e-15
 3.54110e+00  3.26759e-15
 3.54125e+00  3.46374e-15
 3.54140e+00  2.70696e-15
 3.54155e+00  2.52063e-15
 3.54170e+00  2.81578e-15
 3.54185e+00  2.76422e-15
 3.54200e+00  2.54984e-15
 3.54215e+00  3.52570e-15
 3.54230e+00  2.69887e-15
 3.54245e+00  2.19507e-15
 3.54260e+00  3.07877e-15
 3.54275e+00  3.55051e-15
 3.54290e+00  3.75245e-15
 3.54305e+00  3.59685e-15
 3.54320e+00  4.01998e-15
 3.54335e+00  4.85150e-15
 3.54350e+00  5.72184e-15
 3.54365e+00  4.12521e-15
 3.54380e+00  3.99631e-15
 3.54395e+00  2.96919e-15
