# Boroson optical Fe template
# log10(wave)  flux (erg/s/cm2/A)
3.566514  2.698728E-16
3.5666678989  1.989182E-16
3.5668217978  1.149670E-16
3.5669756967  6.660908E-17
3.5671295956  7.540848E-17
3.5672834945  1.299832E-16
3.5674373934  1.622967E-16
3.5675912923  2.003827E-16
3.5677451912  3.407178E-16
3.5678990901  5.344449E-16
3.568052989  6.888640E-16
3.5682068879  8.109969E-16
3.5683607868  8.989126E-16
3.5685146857  9.012872E-16
3.5686685846  8.248234E-16
3.5688224835  7.478125E-16
3.5689763824  7.368375E-16
3.5691302813  8.431189E-16
3.5692841802  1.049535E-15
3.5694380791  1.306436E-15
3.569591978  1.538648E-15
3.5697458769  1.679577E-15
3.5698997758  1.684525E-15
3.5700536747  1.588856E-15
3.5702075736  1.522729E-15
3.5703614725  1.532254E-15
3.5705153714  1.609884E-15
3.5706692703  1.708356E-15
3.5708231692  1.774999E-15
3.5709770681  1.880132E-15
3.571130967  2.044323E-15
3.5712848659  2.174241E-15
3.5714387648  2.214679E-15
3.5715926637  2.146825E-15
3.5717465626  2.035392E-15
3.5719004615  1.981764E-15
3.5720543604  1.987683E-15
3.5722082593  2.028712E-15
3.5723621582  2.029391E-15
3.5725160571  1.963501E-15
3.572669956  1.889710E-15
3.5728238549  1.862299E-15
3.5729777538  1.927705E-15
3.5731316527  2.069765E-15
3.5732855516  2.243653E-15
3.5734394505  2.380650E-15
3.5735933494  2.426872E-15
3.5737472483  2.371895E-15
3.5739011472  2.236101E-15
3.5740550461  2.068745E-15
3.574208945  1.927959E-15
3.5743628439  1.870079E-15
3.5745167428  1.880385E-15
3.5746706417  1.933989E-15
3.5748245406  2.036122E-15
3.5749784395  2.170964E-15
3.5751323384  2.298792E-15
3.5752862373  2.391165E-15
3.5754401362  2.430571E-15
3.5755940351  2.421006E-15
3.575747934  2.375504E-15
3.5759018329  2.339148E-15
3.5760557318  2.310696E-15
3.5762096307  2.194944E-15
3.5763635296  1.975093E-15
3.5765174285  1.701170E-15
3.5766713274  1.452495E-15
3.5768252263  1.313619E-15
3.5769791252  1.254723E-15
3.5771330241  1.257414E-15
3.577286923  1.374452E-15
3.5774408219  1.549676E-15
3.5775947208  1.621248E-15
3.5777486197  1.610338E-15
3.5779025186  1.614050E-15
3.5780564175  1.574797E-15
3.5782103164  1.464164E-15
3.5783642153  1.345207E-15
3.5785181142  1.260289E-15
3.5786720131  1.233374E-15
3.578825912  1.206947E-15
3.5789798109  1.089858E-15
3.5791337098  9.506917E-16
3.5792876087  8.561120E-16
3.5794415076  8.090377E-16
3.5795954065  8.039220E-16
3.5797493054  8.222692E-16
3.5799032043  8.433552E-16
3.5800571032  8.487856E-16
3.5802110021  8.360813E-16
3.580364901  8.121645E-16
3.5805187999  7.951857E-16
3.5806726988  8.085142E-16
3.5808265977  8.714530E-16
3.5809804966  1.016914E-15
3.5811343955  1.273173E-15
3.5812882944  1.484668E-15
3.5814421933  1.528661E-15
3.5815960922  1.426935E-15
3.5817499911  1.251557E-15
3.58190389  1.121007E-15
3.5820577889  1.105392E-15
3.5822116878  1.234618E-15
3.5823655867  1.427857E-15
3.5825194856  1.597409E-15
3.5826733845  1.682842E-15
3.5828272834  1.681555E-15
3.5829811823  1.650847E-15
3.5831350812  1.618731E-15
3.5832889801  1.599557E-15
3.583442879  1.574085E-15
3.5835967779  1.525302E-15
3.5837506768  1.448867E-15
3.5839045757  1.363467E-15
3.5840584746  1.303549E-15
3.5842123735  1.331261E-15
3.5843662724  1.490471E-15
3.5845201713  1.704452E-15
3.5846740702  1.903637E-15
3.5848279691  2.044608E-15
3.584981868  2.131849E-15
3.5851357669  2.204627E-15
3.5852896658  2.265112E-15
3.5854435647  2.310082E-15
3.5855974636  2.330743E-15
3.5857513625  2.330831E-15
3.5859052614  2.323474E-15
3.5860591603  2.377713E-15
3.5862130592  2.571962E-15
3.5863669581  2.797031E-15
3.586520857  2.953413E-15
3.5866747559  3.018672E-15
3.5868286548  2.937452E-15
3.5869825537  2.637697E-15
3.5871364526  2.252067E-15
3.5872903515  1.946274E-15
3.5874442504  1.720358E-15
3.5875981493  1.568332E-15
3.5877520482  1.481080E-15
3.5879059471  1.443341E-15
3.588059846  1.441782E-15
3.5882137449  1.432429E-15
3.5883676438  1.403897E-15
3.5885215427  1.445909E-15
3.5886754416  1.562041E-15
3.5888293405  1.674403E-15
3.5889832394  1.718239E-15
3.5891371383  1.649782E-15
3.5892910372  1.559219E-15
3.5894449361  1.471238E-15
3.589598835  1.294887E-15
3.5897527339  1.025721E-15
3.5899066328  7.115400E-16
3.5900605317  4.399486E-16
3.5902144306  2.855044E-16
3.5903683295  2.679488E-16
3.5905222284  3.700252E-16
3.5906761273  5.413918E-16
3.5908300262  7.099348E-16
3.5909839251  8.104870E-16
3.591137824  8.321092E-16
3.5912917229  7.855016E-16
3.5914456218  7.016064E-16
3.5915995207  6.189381E-16
3.5917534196  5.747399E-16
3.5919073185  5.742571E-16
3.5920612174  6.164321E-16
3.5922151163  7.048268E-16
3.5923690152  7.946225E-16
3.5925229141  8.121717E-16
3.592676813  7.765785E-16
3.5928307119  7.167831E-16
3.5929846108  6.281585E-16
3.5931385097  5.143579E-16
3.5932924086  3.850998E-16
3.5934463075  2.853765E-16
3.5936002064  2.663771E-16
3.5937541053  3.735255E-16
3.5939080042  5.951898E-16
3.5940619031  8.526760E-16
3.594215802  1.054382E-15
3.5943697009  1.121040E-15
3.5945235998  1.138663E-15
3.5946774987  1.170461E-15
3.5948313976  1.206383E-15
3.5949852965  1.246144E-15
3.5951391954  1.288968E-15
3.5952930943  1.291814E-15
3.5954469932  1.224343E-15
3.5956008921  1.086674E-15
3.595754791  9.445888E-16
3.5959086899  9.078720E-16
3.5960625888  9.292761E-16
3.5962164877  9.424674E-16
3.5963703866  9.364835E-16
3.5965242855  9.105101E-16
3.5966781844  8.795269E-16
3.5968320833  8.473130E-16
3.5969859822  8.225034E-16
3.5971398811  8.423151E-16
3.59729378  9.261688E-16
3.5974476789  1.075009E-15
3.5976015778  1.216195E-15
3.5977554767  1.276488E-15
3.5979093756  1.336276E-15
3.5980632745  1.424236E-15
3.5982171734  1.495146E-15
3.5983710723  1.507197E-15
3.5985249712  1.428841E-15
3.5986788701  1.305622E-15
3.598832769  1.163289E-15
3.5989866679  9.874677E-16
3.5991405668  8.058054E-16
3.5992944657  6.590680E-16
3.5994483646  5.555733E-16
3.5996022635  4.953412E-16
3.5997561624  4.771897E-16
3.5999100613  4.371348E-16
3.6000639602  2.983137E-16
3.6002178591  1.943480E-16
3.600371758  1.977548E-16
3.6005256569  2.634041E-16
3.6006795558  3.092086E-16
3.6008334547  2.450959E-16
3.6009873536  1.775827E-16
3.6011412525  1.681323E-16
3.6012951514  1.782345E-16
3.6014490503  1.835276E-16
3.6016029492  1.677440E-16
3.6017568481  2.107436E-16
3.601910747  3.379137E-16
3.6020646459  4.809132E-16
3.6022185448  5.633041E-16
3.6023724437  5.203100E-16
3.6025263426  4.338550E-16
3.6026802415  3.615625E-16
3.6028341404  2.917754E-16
3.6029880393  2.794215E-16
3.6031419382  3.858143E-16
3.6032958371  5.152727E-16
3.603449736  5.935440E-16
3.6036036349  5.949700E-16
3.6037575338  5.592722E-16
3.6039114327  5.494293E-16
3.6040653316  5.342657E-16
3.6042192305  5.169469E-16
3.6043731294  5.459925E-16
3.6045270283  6.226667E-16
3.6046809272  7.197079E-16
3.6048348261  7.602452E-16
3.604988725  7.139193E-16
3.6051426239  6.093615E-16
3.6052965228  5.116453E-16
3.6054504217  4.779960E-16
3.6056043206  4.853606E-16
3.6057582195  5.071352E-16
3.6059121184  5.191758E-16
3.6060660173  5.029369E-16
3.6062199162  4.547386E-16
3.6063738151  3.972768E-16
3.606527714  3.606515E-16
3.6066816129  3.753560E-16
3.6068355118  4.029252E-16
3.6069894107  4.099755E-16
3.6071433096  4.038324E-16
3.6072972085  4.095316E-16
3.6074511074  4.569181E-16
3.6076050063  5.773572E-16
3.6077589052  7.229381E-16
3.6079128041  7.077851E-16
3.608066703  6.154763E-16
3.6082206019  6.349195E-16
3.6083745008  6.608226E-16
3.6085283997  6.672800E-16
3.6086822986  7.393832E-16
3.6088361975  8.887299E-16
3.6089900964  1.088876E-15
3.6091439953  1.273980E-15
3.6092978942  1.382606E-15
3.6094517931  1.370982E-15
3.609605692  1.274204E-15
3.6097595909  1.145706E-15
3.6099134898  1.018656E-15
3.6100673887  9.213661E-16
3.6102212876  8.712472E-16
3.6103751865  8.322837E-16
3.6105290854  7.822113E-16
3.6106829843  7.315503E-16
3.6108368832  7.328534E-16
3.6109907821  8.372490E-16
3.611144681  9.718518E-16
3.6112985799  1.079960E-15
3.6114524788  1.135979E-15
3.6116063777  1.184267E-15
3.6117602766  1.271846E-15
3.6119141755  1.376548E-15
3.6120680744  1.480363E-15
3.6122219733  1.570245E-15
3.6123758722  1.618091E-15
3.6125297711  1.625520E-15
3.61268367  1.652540E-15
3.6128375689  1.666347E-15
3.6129914678  1.599427E-15
3.6131453667  1.451450E-15
3.6132992656  1.253692E-15
3.6134531645  1.068192E-15
3.6136070634  9.398861E-16
3.6137609623  8.932688E-16
3.6139148612  9.272382E-16
3.6140687601  9.836438E-16
3.614222659  9.760806E-16
3.6143765579  9.216723E-16
3.6145304568  8.654480E-16
3.6146843557  8.714716E-16
3.6148382546  9.418101E-16
3.6149921535  1.042853E-15
3.6151460524  1.124288E-15
3.6152999513  1.162981E-15
3.6154538502  1.166234E-15
3.6156077491  1.154622E-15
3.615761648  1.128631E-15
3.6159155469  1.039883E-15
3.6160694458  8.851779E-16
3.6162233447  6.952985E-16
3.6163772436  5.549833E-16
3.6165311425  4.977806E-16
3.6166850414  4.921415E-16
3.6168389403  4.864092E-16
3.6169928392  4.490326E-16
3.6171467381  4.173836E-16
3.617300637  4.077711E-16
3.6174545359  4.191137E-16
3.6176084348  4.290587E-16
3.6177623337  4.208976E-16
3.6179162326  3.919062E-16
3.6180701315  3.395350E-16
3.6182240304  2.777769E-16
3.6183779293  2.632995E-16
3.6185318282  2.904469E-16
3.6186857271  3.147093E-16
3.618839626  3.628012E-16
3.6189935249  4.496654E-16
3.6191474238  5.740192E-16
3.6193013227  6.715225E-16
3.6194552216  7.022114E-16
3.6196091205  7.446061E-16
3.6197630194  8.345257E-16
3.6199169183  9.743052E-16
3.6200708172  1.171867E-15
3.6202247161  1.406780E-15
3.620378615  1.642786E-15
3.6205325139  1.819277E-15
3.6206864128  1.907897E-15
3.6208403117  1.979908E-15
3.6209942106  1.970330E-15
3.6211481095  1.771835E-15
3.6213020084  1.471301E-15
3.6214559073  1.162377E-15
3.6216098062  9.124144E-16
3.6217637051  7.541783E-16
3.621917604  6.831398E-16
3.6220715029  6.613137E-16
3.6222254018  6.594398E-16
3.6223793007  6.440116E-16
3.6225331996  5.517882E-16
3.6226870985  4.234844E-16
3.6228409974  3.803582E-16
3.6229948963  3.653986E-16
3.6231487952  3.368391E-16
3.6233026941  3.227992E-16
3.623456593  3.381869E-16
3.6236104919  3.855599E-16
3.6237643908  4.105015E-16
3.6239182897  4.018614E-16
3.6240721886  3.817025E-16
3.6242260875  3.330223E-16
3.6243799864  2.719187E-16
3.6245338853  2.476844E-16
3.6246877842  2.296361E-16
3.6248416831  1.986564E-16
3.624995582  1.879820E-16
3.6251494809  2.223458E-16
3.6253033798  3.147812E-16
3.6254572787  4.138362E-16
3.6256111776  5.156957E-16
3.6257650765  6.718238E-16
3.6259189754  8.584082E-16
3.6260728743  1.063924E-15
3.6262267732  1.287769E-15
3.6263806721  1.505503E-15
3.626534571  1.679734E-15
3.6266884699  1.774403E-15
3.6268423688  1.746587E-15
3.6269962677  1.583251E-15
3.6271501666  1.442778E-15
3.6273040655  1.429540E-15
3.6274579644  1.555193E-15
3.6276118633  1.705254E-15
3.6277657622  1.773601E-15
3.6279196611  1.694555E-15
3.62807356  1.486680E-15
3.6282274589  1.222160E-15
3.6283813578  1.016551E-15
3.6285352567  9.036226E-16
3.6286891556  8.730804E-16
3.6288430545  8.996481E-16
3.6289969534  9.371375E-16
3.6291508523  9.267589E-16
3.6293047512  8.775457E-16
3.6294586501  8.258192E-16
3.629612549  8.235899E-16
3.6297664479  8.303719E-16
3.6299203468  8.066989E-16
3.6300742457  7.900995E-16
3.6302281446  8.268725E-16
3.6303820435  9.530895E-16
3.6305359424  1.127260E-15
3.6306898413  1.293961E-15
3.6308437402  1.410113E-15
3.6309976391  1.473664E-15
3.631151538  1.496510E-15
3.6313054369  1.473093E-15
3.6314593358  1.403737E-15
3.6316132347  1.331254E-15
3.6317671336  1.334601E-15
3.6319210325  1.462267E-15
3.6320749314  1.674184E-15
3.6322288303  1.798842E-15
3.6323827292  1.803522E-15
3.6325366281  1.745736E-15
3.632690527  1.724267E-15
3.6328444259  1.761625E-15
3.6329983248  1.828467E-15
3.6331522237  1.875404E-15
3.6333061226  1.893311E-15
3.6334600215  1.903703E-15
3.6336139204  1.932255E-15
3.6337678193  1.960681E-15
3.6339217182  1.944965E-15
3.6340756171  1.835342E-15
3.634229516  1.667855E-15
3.6343834149  1.549616E-15
3.6345373138  1.545453E-15
3.6346912127  1.633395E-15
3.6348451116  1.645994E-15
3.6349990105  1.617964E-15
3.6351529094  1.631438E-15
3.6353068083  1.719180E-15
3.6354607072  1.805848E-15
3.6356146061  1.763493E-15
3.635768505  1.605414E-15
3.6359224039  1.437198E-15
3.6360763028  1.355688E-15
3.6362302017  1.362993E-15
3.6363841006  1.383444E-15
3.6365379995  1.316103E-15
3.6366918984  1.318801E-15
3.6368457973  1.343344E-15
3.6369996962  1.260899E-15
3.6371535951  1.133418E-15
3.637307494  1.052308E-15
3.6374613929  1.191439E-15
3.6376152918  1.005805E-15
3.6377691907  9.667329E-16
3.6379230896  9.611512E-16
3.6380769885  9.386914E-16
3.6382308874  8.940378E-16
3.6383847863  8.213426E-16
3.6385386852  7.765560E-16
3.6386925841  7.765560E-16
3.638846483  7.878523E-16
3.6390003819  7.934340E-16
3.6391542808  8.157609E-16
3.6393081797  8.436694E-16
3.6394620786  8.772926E-16
3.6396159775  9.052010E-16
3.6397698764  9.498549E-16
3.6399237753  1.022550E-15
3.6400776742  1.050591E-15
3.6402315731  1.061755E-15
3.640385472  1.117572E-15
3.6405393709  1.162359E-15
3.6406932698  1.162359E-15
3.6408471687  1.190668E-15
3.6410010676  1.172821E-15
3.6411549665  1.168986E-15
3.6413088654  1.222661E-15
3.6414627643  1.332101E-15
3.6416166632  1.516820E-15
3.6417705621  1.740994E-15
3.641924461  1.900366E-15
3.6420783599  1.900187E-15
3.6422322588  1.737812E-15
3.6423861577  1.542069E-15
3.6425400566  1.372483E-15
3.6426939555  1.261725E-15
3.6428478544  1.226925E-15
3.6430017533  1.253048E-15
3.6431556522  1.298173E-15
3.6433095511  1.302549E-15
3.64346345  1.258980E-15
3.6436173489  1.192123E-15
3.6437712478  1.146640E-15
3.6439251467  1.150606E-15
3.6440790456  1.210033E-15
3.6442329445  1.305405E-15
3.6443868434  1.459200E-15
3.6445407423  1.683023E-15
3.6446946412  1.916331E-15
3.6448485401  2.114615E-15
3.645002439  2.229350E-15
3.6451563379  2.173778E-15
3.6453102368  1.941467E-15
3.6454641357  1.599711E-15
3.6456180346  1.274645E-15
3.6457719335  1.040890E-15
3.6459258324  9.172782E-16
3.6460797313  8.637054E-16
3.6462336302  8.373042E-16
3.6463875291  8.064316E-16
3.646541428  7.741048E-16
3.6466953269  7.459063E-16
3.6468492258  7.240496E-16
3.6470031247  7.119986E-16
3.6471570236  7.077108E-16
3.6473109225  7.325797E-16
3.6474648214  8.979799E-16
3.6476187203  1.121500E-15
3.6477726192  1.263200E-15
3.6479265181  1.317474E-15
3.648080417  1.331293E-15
3.6482343159  1.365946E-15
3.6483882148  1.435056E-15
3.6485421137  1.490284E-15
3.6486960126  1.474941E-15
3.6488499115  1.391955E-15
3.6490038104  1.315375E-15
3.6491577093  1.307846E-15
3.6493116082  1.311638E-15
3.6494655071  1.331492E-15
3.649619406  1.384866E-15
3.6497733049  1.451499E-15
3.6499272038  1.484607E-15
3.6500811027  1.469571E-15
3.6502350016  1.475550E-15
3.6503889005  1.509064E-15
3.6505427994  1.543035E-15
3.6506966983  1.533456E-15
3.6508505972  1.461613E-15
3.6510044961  1.339625E-15
3.651158395  1.211140E-15
3.6513122939  1.153339E-15
3.6514661928  1.199110E-15
3.6516200917  1.295711E-15
3.6517739906  1.449250E-15
3.6519278895  1.667206E-15
3.6520817884  1.943443E-15
3.6522356873  2.139504E-15
3.6523895862  2.163456E-15
3.6525434851  2.039066E-15
3.652697384  1.850161E-15
3.6528512829  1.669286E-15
3.6530051818  1.532097E-15
3.6531590807  1.483614E-15
3.6533129796  1.531129E-15
3.6534668785  1.647671E-15
3.6536207774  1.799809E-15
3.6537746763  1.990554E-15
3.6539285752  2.238797E-15
3.6540824741  2.397911E-15
3.654236373  2.462304E-15
3.6543902719  2.526197E-15
3.6545441708  2.645836E-15
3.6546980697  2.797021E-15
3.6548519686  2.893362E-15
3.6550058675  2.934406E-15
3.6551597664  2.892130E-15
3.6553136653  2.745852E-15
3.6554675642  2.520871E-15
3.6556214631  2.257902E-15
3.655775362  2.007918E-15
3.6559292609  1.825795E-15
3.6560831598  1.706872E-15
3.6562370587  1.638547E-15
3.6563909576  1.631780E-15
3.6565448565  1.668298E-15
3.6566987554  1.726133E-15
3.6568526543  1.789199E-15
3.6570065532  1.887279E-15
3.6571604521  2.007508E-15
3.657314351  2.092672E-15
3.6574682499  2.160256E-15
3.6576221488  2.259443E-15
3.6577760477  2.432976E-15
3.6579299466  2.603287E-15
3.6580838455  2.672234E-15
3.6582377444  2.597946E-15
3.6583916433  2.540478E-15
3.6585455422  2.526904E-15
3.6586994411  2.496873E-15
3.65885334  2.372908E-15
3.6590072389  2.183581E-15
3.6591611378  1.988545E-15
3.6593150367  1.815585E-15
3.6594689356  1.720324E-15
3.6596228345  1.717629E-15
3.6597767334  1.763934E-15
3.6599306323  1.819202E-15
3.6600845312  1.894816E-15
3.6602384301  2.042027E-15
3.660392329  2.201090E-15
3.6605462279  2.351381E-15
3.6607001268  2.510457E-15
3.6608540257  2.710042E-15
3.6610079246  2.901308E-15
3.6611618235  2.986897E-15
3.6613157224  2.870416E-15
3.6614696213  2.615321E-15
3.6616235202  2.344626E-15
3.6617774191  2.153598E-15
3.661931318  1.987962E-15
3.6620852169  1.814847E-15
3.6622391158  1.679773E-15
3.6623930147  1.561120E-15
3.6625469136  1.442822E-15
3.6627008125  1.327901E-15
3.6628547114  1.278476E-15
3.6630086103  1.265735E-15
3.6631625092  1.218258E-15
3.6633164081  1.117800E-15
3.663470307  1.043546E-15
3.6636242059  1.068674E-15
3.6637781048  1.169674E-15
3.6639320037  1.300307E-15
3.6640859026  1.455036E-15
3.6642398015  1.682393E-15
3.6643937004  1.881382E-15
3.6645475993  1.991521E-15
3.6647014982  2.026437E-15
3.6648553971  2.086829E-15
3.665009296  2.204734E-15
3.6651631949  2.362180E-15
3.6653170938  2.550395E-15
3.6654709927  2.681453E-15
3.6656248916  2.676590E-15
3.6657787905  2.528020E-15
3.6659326894  2.295815E-15
3.6660865883  2.028941E-15
3.6662404872  1.746187E-15
3.6663943861  1.546859E-15
3.666548285  1.406901E-15
3.6667021839  1.249521E-15
3.6668560828  1.131389E-15
3.6670099817  1.084352E-15
3.6671638806  1.091038E-15
3.6673177795  1.070443E-15
3.6674716784  1.097950E-15
3.6676255773  1.232188E-15
3.6677794762  1.448073E-15
3.6679333751  1.595500E-15
3.668087274  1.622911E-15
3.6682411729  1.583174E-15
3.6683950718  1.558975E-15
3.6685489707  1.586937E-15
3.6687028696  1.653623E-15
3.6688567685  1.708701E-15
3.6690106674  1.688891E-15
3.6691645663  1.571426E-15
3.6693184652  1.392536E-15
3.6694723641  1.180663E-15
3.669626263  9.998044E-16
3.6697801619  8.908845E-16
3.6699340608  7.565884E-16
3.6700879597  6.078082E-16
3.6702418586  4.940746E-16
3.6703957575  4.709647E-16
3.6705496564  4.788977E-16
3.6707035553  4.551890E-16
3.6708574542  3.923201E-16
3.6710113531  3.381726E-16
3.671165252  2.955150E-16
3.6713191509  2.567754E-16
3.6714730498  2.782740E-16
3.6716269487  3.823747E-16
3.6717808476  5.133306E-16
3.6719347465  5.662674E-16
3.6720886454  5.294958E-16
3.6722425443  4.626090E-16
3.6723964432  4.422011E-16
3.6725503421  4.223676E-16
3.672704241  4.032299E-16
3.6728581399  4.007694E-16
3.6730120388  4.227237E-16
3.6731659377  3.978738E-16
3.6733198366  3.276306E-16
3.6734737355  2.946406E-16
3.6736276344  3.505365E-16
3.6737815333  4.383454E-16
3.6739354322  4.736074E-16
3.6740893311  4.812030E-16
3.67424323  5.215830E-16
3.6743971289  6.310988E-16
3.6745510278  8.032010E-16
3.6747049267  9.333841E-16
3.6748588256  9.686989E-16
3.6750127245  9.417975E-16
3.6751666234  8.742219E-16
3.6753205223  7.585726E-16
3.6754744212  6.063224E-16
3.6756283201  4.411259E-16
3.675782219  2.885547E-16
3.6759361179  1.813694E-16
3.6760900168  1.404696E-16
3.6762439157  1.030165E-16
3.6763978146  7.430761E-17
3.6765517135  7.340888E-17
3.6767056124  7.203155E-17
3.6768595113  2.164958E-17
3.6770134102  -2.480165E-18
3.6771673091  9.001133E-17
3.677321208  2.183785E-16
3.6774751069  2.599711E-16
3.6776290058  2.360815E-16
3.6777829047  3.268512E-16
3.6779368036  3.963577E-16
3.6780907025  3.704167E-16
3.6782446014  2.707253E-16
3.6783985003  1.893876E-16
3.6785523992  1.553490E-16
3.6787062981  1.779330E-16
3.678860197  2.391096E-16
3.6790140959  3.134085E-16
3.6791679948  3.613691E-16
3.6793218937  3.775054E-16
3.6794757926  3.707562E-16
3.6796296915  3.263994E-16
3.6797835904  2.703991E-16
3.6799374893  2.244536E-16
3.6800913882  2.038775E-16
3.6802452871  2.106482E-16
3.680399186  2.437063E-16
3.6805530849  2.722720E-16
3.6807069838  2.967110E-16
3.6808608827  3.455525E-16
3.6810147816  4.247217E-16
3.6811686805  4.728697E-16
3.6813225794  4.691320E-16
3.6814764783  4.474220E-16
3.6816303772  4.479915E-16
3.6817842761  4.571791E-16
3.681938175  4.966066E-16
3.6820920739  4.132132E-16
3.6822459728  4.132132E-16
3.6823998717  4.132132E-16
3.6825537706  3.964680E-16
3.6827076695  3.964680E-16
3.6828615684  4.132132E-16
3.6830154673  4.132132E-16
3.6831693662  4.132132E-16
3.6833232651  4.243765E-16
3.683477164  4.243765E-16
3.6836310629  4.243765E-16
3.6837849618  4.132132E-16
3.6839388607  4.132132E-16
3.6840927596  3.964680E-16
3.6842466585  3.853045E-16
3.6844005574  3.853045E-16
3.6845544563  3.853045E-16
3.6847083552  3.685594E-16
3.6848622541  3.685594E-16
3.685016153  3.685594E-16
3.6851700519  3.685594E-16
3.6853239508  3.573961E-16
3.6854778497  3.573961E-16
3.6856317486  3.685594E-16
3.6857856475  3.573961E-16
3.6859395464  3.685594E-16
3.6860934453  3.573961E-16
3.6862473442  3.685594E-16
3.6864012431  3.685594E-16
3.686555142  3.685594E-16
3.6867090409  3.853045E-16
3.6868629398  3.908862E-16
3.6870168387  4.803265E-16
3.6871707376  4.579997E-16
3.6873246365  4.970717E-16
3.6874785354  5.251132E-16
3.6876324343  5.641851E-16
3.6877863332  5.641851E-16
3.6879402321  6.032571E-16
3.688094131  5.920938E-16
3.6882480299  6.257170E-16
3.6884019288  6.815340E-16
3.6885558277  6.424621E-16
3.6887097266  7.151572E-16
3.6888636255  7.039938E-16
3.6890175244  8.269243E-16
3.6891714233  8.045975E-16
3.6893253222  7.990157E-16
3.6894792211  8.325060E-16
3.68963312  8.269243E-16
3.6897870189  8.828743E-16
3.6899409178  8.548329E-16
3.6900948167  8.715779E-16
3.6902487156  8.772926E-16
3.6904026145  9.038517E-16
3.6905565134  8.828743E-16
3.6907104123  1.041468E-15
3.6908643112  1.089367E-15
3.6910182101  1.137013E-15
3.691172109  1.218919E-15
3.6913260079  1.343183E-15
3.6914799068  1.474572E-15
3.6916338057  1.636165E-15
3.6917877046  1.882448E-15
3.6919416035  2.231662E-15
3.6920955024  2.602546E-15
3.6922494013  2.829090E-15
3.6924033002  2.784728E-15
3.6925571991  2.548541E-15
3.692711098  2.263103E-15
3.6928649969  2.057892E-15
3.6930188958  1.810923E-15
3.6931727947  1.334392E-15
3.6933266936  1.226254E-15
3.6934805925  1.134204E-15
3.6936344914  1.082134E-15
3.6937883903  9.940816E-16
3.6939422892  9.059339E-16
3.6940961881  8.619553E-16
3.694250087  8.459632E-16
3.6944039859  8.258776E-16
3.6945578848  8.138835E-16
3.6947117837  8.058873E-16
3.6948656826  7.898951E-16
3.6950195815  7.898951E-16
3.6951734804  7.538175E-16
3.6953273793  7.658115E-16
3.6954812782  7.338272E-16
3.6956351771  7.057455E-16
3.695789076  7.218330E-16
3.6959429749  6.897533E-16
3.6960968738  6.777592E-16
3.6962507727  6.617669E-16
3.6964046716  6.817572E-16
3.6965585705  6.937514E-16
3.6967124694  7.097436E-16
3.6968663683  7.218330E-16
3.6970202672  7.658115E-16
3.6971741661  8.058873E-16
3.697328065  8.258776E-16
3.6974819639  8.779475E-16
3.6976358628  9.059339E-16
3.6977897617  9.340156E-16
3.6979436606  9.980797E-16
3.6980975595  1.033237E-15
3.6982514584  1.056873E-15
3.6984053573  1.094803E-15
3.6985592562  1.161096E-15
3.6987131551  1.307750E-15
3.698867054  1.369316E-15
3.6990209529  1.383497E-15
3.6991748518  1.516083E-15
3.6993287507  1.572921E-15
3.6994826496  1.771800E-15
3.6996365485  1.951657E-15
3.6997904474  2.022677E-15
3.6999443463  2.074788E-15
3.7000982452  2.236345E-15
3.7002521441  2.392922E-15
3.700406043  2.520635E-15
3.7005599419  2.518265E-15
3.7007138408  2.352914E-15
3.7008677397  2.066589E-15
3.7010216386  1.755172E-15
3.7011755375  1.554318E-15
3.7013294364  1.461751E-15
3.7014833353  1.415726E-15
3.7016372342  1.362456E-15
3.7017911331  1.251964E-15
3.701945032  1.123191E-15
3.7020989309  1.013232E-15
3.7022528298  9.175014E-16
3.7024067287  8.659908E-16
3.7025606276  8.427863E-16
3.7027145265  8.093473E-16
3.7028684254  7.477189E-16
3.7030223243  6.848218E-16
3.7031762232  6.539226E-16
3.7033301221  6.497954E-16
3.703484021  6.366328E-16
3.7036379199  6.198236E-16
3.7037918188  5.352664E-16
3.7039457177  4.395074E-16
3.7040996166  4.261853E-16
3.7042535155  4.549492E-16
3.7044074144  4.322926E-16
3.7045613133  3.891986E-16
3.7047152122  4.167168E-16
3.7048691111  5.210579E-16
3.70502301  5.777622E-16
3.7051769089  5.377330E-16
3.7053308078  4.590704E-16
3.7054847067  4.439889E-16
3.7056386056  4.363584E-16
3.7057925045  4.056768E-16
3.7059464034  3.798444E-16
3.7061003023  4.063087E-16
3.7062542012  4.294018E-16
3.7064081001  4.342773E-16
3.706561999  3.962489E-16
3.7067158979  3.206995E-16
3.7068697968  3.373661E-16
3.7070236957  4.044948E-16
3.7071775946  4.708496E-16
3.7073314935  5.280612E-16
3.7074853924  5.975226E-16
3.7076392913  6.199177E-16
3.7077931902  5.983704E-16
3.7079470891  5.842398E-16
3.708100988  6.198495E-16
3.7082548869  6.710967E-16
3.7084087858  6.898347E-16
3.7085626847  6.658379E-16
3.7087165836  6.255259E-16
3.7088704825  5.685972E-16
3.7090243814  5.351860E-16
3.7091782803  5.988990E-16
3.7093321792  7.653033E-16
3.7094860781  8.823149E-16
3.709639977  8.930917E-16
3.7097938759  8.907361E-16
3.7099477748  9.554372E-16
3.7101016737  1.027571E-15
3.7102555726  1.054401E-15
3.7104094715  1.027427E-15
3.7105633704  9.841275E-16
3.7107172693  9.622833E-16
3.7108711682  9.334008E-16
3.7110250671  8.838887E-16
3.711178966  8.733902E-16
3.7113328649  8.548329E-16
3.7114867638  8.380878E-16
3.7116406627  8.492512E-16
3.7117945616  8.269243E-16
3.7119484605  8.492512E-16
3.7121023594  9.052010E-16
3.7122562583  9.667329E-16
3.7124101572  1.061755E-15
3.7125640561  1.145614E-15
3.712717955  1.453006E-15
3.7128718539  1.542447E-15
3.7130257528  1.754818E-15
3.7131796517  2.051180E-15
3.7133335506  2.182451E-15
3.7134874495  2.178508E-15
3.7136413484  2.052099E-15
3.7137952473  1.793444E-15
3.7139491462  1.495411E-15
3.7141030451  1.291807E-15
3.714256944  1.244296E-15
3.7144108429  1.282926E-15
3.7145647418  1.325155E-15
3.7147186407  1.354191E-15
3.7148725396  1.408832E-15
3.7150264385  1.448687E-15
3.7151803374  1.433957E-15
3.7153342363  1.452422E-15
3.7154881352  1.611591E-15
3.7156420341  1.837172E-15
3.715795933  1.952612E-15
3.7159498319  1.850279E-15
3.7161037308  1.563135E-15
3.7162576297  1.236286E-15
3.7164115286  1.008259E-15
3.7165654275  9.257529E-16
3.7167193264  9.076247E-16
3.7168732253  8.509222E-16
3.7170271242  7.570045E-16
3.7171810231  7.144559E-16
3.717334922  7.578684E-16
3.7174888209  8.625537E-16
3.7176427198  9.740986E-16
3.7177966187  1.047379E-15
3.7179505176  1.106810E-15
3.7181044165  1.191678E-15
3.7182583154  1.322923E-15
3.7184122143  1.494935E-15
3.7185661132  1.699094E-15
3.7187200121  1.888881E-15
3.718873911  1.975669E-15
3.7190278099  1.897578E-15
3.7191817088  1.694458E-15
3.7193356077  1.508961E-15
3.7194895066  1.344559E-15
3.7196434055  1.166525E-15
3.7197973044  1.003472E-15
3.7199512033  9.546156E-16
3.7201051022  9.331098E-16
3.7202590011  9.275280E-16
3.7204129  9.331098E-16
3.7205667989  9.667329E-16
3.7207206978  1.022550E-15
3.7208745967  1.084082E-15
3.7210284956  1.134317E-15
3.7211823945  1.257381E-15
3.7213362934  1.357984E-15
3.7214901923  1.670959E-15
3.7216440912  1.872299E-15
3.7217979901  2.121751E-15
3.721951889  2.309131E-15
3.7221057879  2.440074E-15
3.7222596868  2.421912E-15
3.7224135857  2.284460E-15
3.7225674846  2.115485E-15
3.7227213835  1.975221E-15
3.7228752824  1.853115E-15
3.7230291813  1.701508E-15
3.7231830802  1.518255E-15
3.7233369791  1.331056E-15
3.723490878  1.169232E-15
3.7236447769  1.051531E-15
3.7237986758  1.007184E-15
3.7239525747  9.976986E-16
3.7241064736  9.724388E-16
3.7242603725  9.400339E-16
3.7244142714  9.830704E-16
3.7245681703  1.065496E-15
3.7247220692  1.183793E-15
3.7248759681  1.342387E-15
3.725029867  1.531723E-15
3.7251837659  1.762846E-15
3.7253376648  2.058868E-15
3.7254915637  2.348088E-15
3.7256454626  2.473618E-15
3.7257993615  2.322518E-15
3.7259532604  1.993182E-15
3.7261071593  1.700877E-15
3.7262610582  1.532732E-15
3.7264149571  1.455705E-15
3.726568856  1.407348E-15
3.7267227549  1.346074E-15
3.7268766538  1.359342E-15
3.7270305527  1.430933E-15
3.7271844516  1.434511E-15
3.7273383505  1.279940E-15
3.7274922494  1.074106E-15
3.7276461483  9.354684E-16
3.7278000472  8.692283E-16
3.7279539461  8.077311E-16
3.728107845  7.211445E-16
3.7282617439  6.826600E-16
3.7284156428  7.012608E-16
3.7285695417  7.410485E-16
3.7287234406  7.775010E-16
3.7288773395  8.414570E-16
3.7290312384  1.001236E-15
3.7291851373  1.231211E-15
3.7293390362  1.428151E-15
3.7294929351  1.485930E-15
3.729646834  1.376835E-15
3.7298007329  1.177315E-15
3.7299546318  1.008454E-15
3.7301085307  8.759453E-16
3.7302624296  7.935916E-16
3.7304163285  7.832519E-16
3.7305702274  7.950121E-16
3.7307241263  7.395535E-16
3.7308780252  6.555600E-16
3.7310319241  5.835126E-16
3.731185823  5.005081E-16
3.7313397219  3.781910E-16
3.7314936208  3.198368E-16
3.7316475197  3.698969E-16
3.7318014186  4.213029E-16
3.7319553175  4.160949E-16
3.7321092164  4.299464E-16
3.7322631153  4.783742E-16
3.7324170142  4.879932E-16
3.7325709131  4.606386E-16
3.732724812  4.561519E-16
3.7328787109  5.074889E-16
3.7330326098  5.780747E-16
3.7331865087  6.888624E-16
3.7333404076  7.961492E-16
3.7334943065  8.355337E-16
3.7336482054  8.148661E-16
3.7338021043  8.247468E-16
3.7339560032  8.878838E-16
3.7341099021  9.869468E-16
3.734263801  1.091888E-15
3.7344176999  1.167211E-15
3.7345715988  1.180744E-15
3.7347254977  1.125346E-15
3.7348793966  1.072622E-15
3.7350332955  1.005928E-15
3.7351871944  8.882014E-16
3.7353410933  7.384921E-16
3.7354949922  6.174867E-16
3.7356488911  5.088818E-16
3.73580279  4.122172E-16
3.7359566889  3.668056E-16
3.7361105878  3.528905E-16
3.7362644867  2.930337E-16
3.7364183856  2.068248E-16
3.7365722845  1.399236E-16
3.7367261834  1.492418E-16
3.7368800823  2.133825E-16
3.7370339812  2.239615E-16
3.7371878801  1.096240E-16
3.737341779  3.247111E-17
3.7374956779  6.128125E-17
3.7376495768  1.190176E-16
3.7378034757  1.590517E-16
3.7379573746  2.159245E-16
3.7381112735  2.585955E-16
3.7382651724  2.701829E-16
3.7384190713  3.087025E-16
3.7385729702  3.848271E-16
3.7387268691  4.321309E-16
3.738880768  4.002092E-16
3.7390346669  3.594479E-16
3.7391885658  3.345502E-16
3.7393424647  3.055689E-16
3.7394963636  2.724487E-16
3.7396502625  2.693168E-16
3.7398041614  3.150248E-16
3.7399580603  3.785294E-16
3.7401119592  4.308138E-16
3.7402658581  4.956118E-16
3.740419757  5.548770E-16
3.7405736559  5.639559E-16
3.7407275548  5.697496E-16
3.7408814537  5.903368E-16
3.7410353526  5.843368E-16
3.7411892515  5.385585E-16
3.7413431504  4.658623E-16
3.7414970493  3.930628E-16
3.7416509482  3.813187E-16
3.7418048471  4.125335E-16
3.741958746  4.903170E-16
3.7421126449  6.161175E-16
3.7422665438  7.795614E-16
3.7424204427  9.507222E-16
3.7425743416  1.068710E-15
3.7427282405  1.143875E-15
3.7428821394  1.209174E-15
3.7430360383  1.258858E-15
3.7431899372  1.243342E-15
3.7433438361  1.108368E-15
3.743497735  8.400323E-16
3.7436516339  2.346828E-16
3.7438055328  2.583434E-16
3.7439594317  4.255206E-16
3.7441133306  5.001780E-16
3.7442672295  4.348040E-16
3.7444211284  2.511525E-16
3.7445750273  4.705268E-17
3.7447289262  -9.560884E-17
3.7448828251  -1.322299E-16
3.745036724  -1.058939E-16
3.7451906229  -8.717324E-17
3.7453445218  -6.963881E-18
3.7454984207  8.847386E-17
3.7456523196  9.925278E-17
3.7458062185  4.191034E-17
3.7459601174  2.496418E-17
3.7461140163  1.037704E-16
3.7462679152  2.150024E-16
3.7464218141  2.296577E-16
3.746575713  1.514245E-16
3.7467296119  1.010642E-16
3.7468835108  1.144795E-16
3.7470374097  1.298972E-16
3.7471913086  1.748200E-16
3.7473452075  2.467492E-16
3.7474991064  1.571958E-16
3.7476530053  4.922532E-17
3.7478069042  7.373337E-17
3.7479608031  8.758321E-17
3.748114702  -8.362714E-17
3.7482686009  -2.151201E-16
3.7484224998  -2.252307E-16
3.7485763987  -1.653345E-16
3.7487302976  -1.267123E-16
3.7488841965  -1.379825E-16
3.7490380954  -1.570793E-16
3.7491919943  -1.541270E-16
3.7493458932  -1.067317E-16
3.7494997921  -3.051775E-17
3.749653691  -3.324393E-17
3.7498075899  -1.192402E-16
3.7499614888  -1.487081E-16
3.7501153877  -8.492818E-17
3.7502692866  -5.182402E-17
3.7504231855  -7.126088E-17
3.7505770844  -6.960324E-17
3.7507309833  -3.640675E-17
3.7508848822  -2.134481E-17
3.7510387811  -1.050406E-17
3.75119268  5.650641E-17
3.7513465789  1.071412E-16
3.7515004778  8.264966E-17
3.7516543767  6.591441E-17
3.7518082756  8.774457E-17
3.7519621745  7.656627E-17
3.7521160734  6.508135E-17
3.7522699723  1.099195E-16
3.7524238712  2.168442E-16
3.7525777701  3.425926E-16
3.752731669  4.062785E-16
3.7528855679  3.616547E-16
3.7530394668  2.714855E-16
3.7531933657  2.571427E-16
3.7533472646  2.235862E-16
3.7535011635  2.276100E-16
3.7536550624  3.136902E-16
3.7538089613  3.527469E-16
3.7539628602  2.744243E-16
3.7541167591  2.326643E-16
3.754270658  2.299830E-16
3.7544245569  2.015714E-16
3.7545784558  2.348208E-16
3.7547323547  2.544737E-16
3.7548862536  1.860749E-16
3.7550401525  1.053290E-16
3.7551940514  8.349077E-17
3.7553479503  8.343020E-17
3.7555018492  7.976890E-17
3.7556557481  3.703948E-17
3.755809647  6.394252E-18
3.7559635459  1.770002E-17
3.7561174448  2.313755E-17
3.7562713437  3.235666E-19
3.7564252426  -1.067770E-17
3.7565791415  -3.562621E-17
3.7567330404  -2.271531E-17
3.7568869393  -1.986208E-17
3.7570408382  -4.935788E-17
3.7571947371  -5.349437E-17
3.757348636  -2.429672E-17
3.7575025349  2.157139E-17
3.7576564338  4.820422E-17
3.7578103327  8.114576E-19
3.7579642316  -3.849426E-17
3.7581181305  -2.608861E-17
3.7582720294  2.663919E-19
3.7584259283  2.931369E-17
3.7585798272  1.577938E-17
3.7587337261  4.328000E-17
3.758887625  1.650248E-17
3.7590415239  2.035399E-17
3.7591954228  2.606331E-17
3.7593493217  1.845092E-17
3.7595032206  2.606331E-17
3.7596571195  2.606331E-17
3.7598110184  2.606331E-17
3.7599649173  1.650248E-17
3.7601188162  2.035399E-17
3.7602727151  2.986956E-17
3.760426614  2.986956E-17
3.7605805129  6.074454E-17
3.7607344118  3.557882E-17
3.7608883107  9.667187E-18
3.7610422096  -7.578488E-17
3.7611961085  -3.972288E-17
3.7613500074  2.426665E-17
3.7615039063  -2.528690E-17
3.7616578052  -1.354469E-16
3.7618117041  -1.643278E-16
3.761965603  -1.199403E-16
3.7621195019  -6.751107E-17
3.7622734008  -3.874583E-17
3.7624272997  -5.313141E-17
3.7625811986  -4.343373E-17
3.7627350975  3.576851E-17
3.7628889964  8.202116E-17
3.7630428953  -1.043841E-17
3.7631967942  -9.472751E-17
3.7633506931  -7.546852E-17
3.763504592  -1.550324E-17
3.7636584909  5.196971E-18
3.7638123898  2.598062E-17
3.7639662887  7.997473E-17
3.7641201876  1.420726E-17
3.7642740865  1.420726E-17
3.7644279854  1.948348E-17
3.7645818843  1.948348E-17
3.7647357832  2.739789E-17
3.7648896821  1.948348E-17
3.765043581  2.475978E-17
3.7651974799  1.948348E-17
3.7653513788  1.420726E-17
3.7655052777  1.948348E-17
3.7656591766  1.948348E-17
3.7658130755  1.420726E-17
3.7659669744  1.948348E-17
3.7661208733  1.948348E-17
3.7662747722  1.948348E-17
3.7664286711  1.420726E-17
3.76658257  1.420726E-17
3.7667364689  8.930957E-18
3.7668903678  1.420726E-17
3.7670442667  8.930957E-18
3.7671981656  1.156909E-17
3.7673520645  1.156909E-17
3.7675059634  1.684537E-17
3.7676598623  1.156909E-17
3.7678137612  1.156909E-17
3.7679676601  1.684537E-17
3.768121559  1.684537E-17
3.7682754579  1.156909E-17
3.7684293568  1.156909E-17
3.7685832557  1.156909E-17
3.7687371546  1.156909E-17
3.7688910535  1.156909E-17
3.7690449524  1.156909E-17
3.7691988513  1.156909E-17
3.7693527502  3.591870E-18
3.7695066491  8.930957E-18
3.769660548  8.930957E-18
3.7698144469  1.420726E-17
3.7699683458  1.420726E-17
3.7701222447  8.930957E-18
3.7702761436  8.930957E-18
3.7704300425  8.930957E-18
3.7705839414  8.930957E-18
3.7707378403  8.930957E-18
3.7708917392  8.930957E-18
3.7710456381  8.930957E-18
3.771199537  8.930957E-18
3.7713534359  1.420726E-17
3.7715073348  8.930957E-18
3.7716612337  8.930957E-18
3.7718151326  8.930957E-18
3.7719690315  9.537591E-19
3.7721229304  -4.074991E-17
3.7722768293  7.916201E-17
3.7724307282  1.142686E-16
3.7725846271  1.209461E-16
3.772738526  9.245111E-17
3.7728924249  7.623000E-17
3.7730463238  1.133233E-16
3.7732002227  1.147238E-16
3.7733541216  7.680175E-17
3.7735080205  1.173937E-16
3.7736619194  4.883230E-17
3.7738158183  2.401762E-18
3.7739697172  -2.809269E-17
3.7741236161  -3.433490E-17
3.774277515  5.016129E-18
3.7744314139  4.176931E-17
3.7745853128  2.389268E-17
3.7747392117  -2.137657E-17
3.7748931106  -3.293264E-17
3.7750470095  3.311433E-17
3.7752009084  2.380628E-17
3.7753548073  -2.346747E-17
3.7755087062  -3.669050E-17
3.7756626051  -1.767038E-17
3.775816504  -1.441057E-17
3.7759704029  1.952962E-17
3.7761243018  7.744338E-17
3.7762782007  6.925511E-17
3.7764320996  1.073563E-16
3.7765859985  1.062959E-16
3.7767398974  1.012026E-16
3.7768937963  1.338202E-16
3.7770476952  1.921617E-16
3.7772015941  2.927837E-16
3.777355493  3.838821E-16
3.7775093919  4.527209E-16
3.7776632908  5.056702E-16
3.7778171897  4.728638E-16
3.7779710886  3.846783E-16
3.7781249875  1.709982E-16
3.7782788864  4.994403E-17
3.7784327853  9.008534E-17
3.7785866842  8.394393E-17
3.7787405831  -2.345519E-17
3.778894482  -7.704739E-17
3.7790483809  -4.918720E-17
3.7792022798  -1.496199E-17
3.7793561787  2.489006E-17
3.7795100776  2.750994E-17
3.7796639765  2.367203E-17
3.7798178754  3.149819E-17
3.7799717743  5.595796E-17
3.7801256732  2.348126E-17
3.7802795721  2.975216E-17
3.780433471  3.445535E-17
3.7805873699  2.975216E-17
3.7807412688  3.445535E-17
3.7808951677  2.975216E-17
3.7810490666  2.818445E-17
3.7812029655  2.975216E-17
3.7813568644  3.445535E-17
3.7815107633  3.445535E-17
3.7816646622  3.445535E-17
3.7818185611  3.445535E-17
3.78197246  3.445535E-17
3.7821263589  3.445535E-17
3.7822802578  3.762815E-17
3.7824341567  3.762815E-17
3.7825880556  3.762815E-17
3.7827419545  4.233135E-17
3.7828958534  3.762815E-17
3.7830497523  4.233135E-17
3.7832036512  4.233135E-17
3.7833575501  4.546678E-17
3.783511449  6.938047E-18
3.7836653479  1.917005E-17
3.7838192468  6.166358E-17
3.7839731457  6.905097E-17
3.7841270446  8.916885E-17
3.7842809435  1.483303E-16
3.7844348424  2.118091E-16
3.7845887413  2.229001E-16
3.7847426402  1.052769E-16
3.7848965391  3.712588E-17
3.785050438  5.091727E-17
3.7852043369  -3.743462E-18
3.7853582358  -8.420312E-17
3.7855121347  -6.063274E-17
3.7856660336  3.460553E-18
3.7858199325  3.649526E-17
3.7859738314  4.016080E-17
3.7861277303  3.575623E-17
3.7862816292  7.462064E-17
3.7864355281  1.315823E-16
3.786589427  1.369762E-16
3.7867433259  1.319123E-16
3.7868972248  1.089606E-16
3.7870511237  1.059664E-16
3.7872050226  1.671044E-16
3.7873589215  2.444516E-16
3.7875128204  2.362697E-16
3.7876667193  1.849103E-16
3.7878206182  1.696785E-16
3.7879745171  2.050976E-16
3.788128416  2.961706E-16
3.7882823149  4.020666E-16
3.7884362138  4.989913E-16
3.7885901127  6.769072E-16
3.7887440116  8.071593E-16
3.7888979105  8.152574E-16
3.7890518094  7.498808E-16
3.7892057083  6.974774E-16
3.7893596072  5.559238E-16
3.7895135061  3.824815E-16
3.789667405  2.794040E-16
3.7898213039  2.420740E-16
3.7899752028  2.281119E-16
3.7901291017  1.908162E-16
3.7902830006  1.218059E-16
3.7904368995  1.052582E-16
3.7905907984  1.852999E-16
3.7907446973  2.258037E-16
3.7908985962  1.983412E-16
3.7910524951  1.909848E-16
3.791206394  2.091782E-16
3.7913602929  1.342268E-16
3.7915141918  7.470322E-17
3.7916680907  1.117198E-16
3.7918219896  1.814175E-16
3.7919758885  1.606555E-16
3.7921297874  7.802275E-17
3.7922836863  1.030670E-17
3.7924375852  -4.780019E-17
3.7925914841  1.616986E-18
3.792745383  9.004680E-17
3.7928992819  6.824544E-18
3.7930531808  -2.236040E-17
3.7932070797  1.073233E-16
3.7933609786  2.028064E-16
3.7935148775  2.197115E-16
3.7936687764  2.753586E-16
3.7938226753  3.444027E-16
3.7939765742  3.158192E-16
3.7941304731  2.610035E-16
3.794284372  3.214435E-16
3.7944382709  4.207568E-16
3.7945921698  5.269345E-16
3.7947460687  7.069367E-16
3.7948999676  8.315344E-16
3.7950538665  9.235298E-16
3.7952077654  1.027076E-15
3.7953616643  1.108226E-15
3.7955155632  1.097391E-15
3.7956694621  1.091253E-15
3.795823361  1.101089E-15
3.7959772599  1.021932E-15
3.7961311588  9.919383E-16
3.7962850577  8.117782E-16
3.7964389566  5.809126E-16
3.7965928555  4.744541E-16
3.7967467544  4.663653E-16
3.7969006533  4.458646E-16
3.7970545522  3.610677E-16
3.7972084511  2.839576E-16
3.79736235  2.719154E-16
3.7975162489  3.525974E-16
3.7976701478  4.661324E-16
3.7978240467  4.312169E-16
3.7979779456  4.311224E-16
3.7981318445  4.045866E-16
3.7982857434  2.861519E-16
3.7984396423  2.485974E-16
3.7985935412  2.090019E-16
3.7987474401  2.056624E-16
3.798901339  2.039926E-16
3.7990552379  1.922645E-16
3.7992091368  2.140112E-16
3.7993630357  2.173507E-16
3.7995169346  2.407671E-16
3.7996708335  2.691928E-16
3.7998247324  3.176953E-16
3.7999786313  3.461210E-16
3.8001325302  4.999775E-16
3.8002864291  5.518196E-16
3.800440328  6.316599E-16
3.8005942269  6.972747E-16
3.8007481258  7.405213E-16
3.8009020247  7.303615E-16
3.8010559236  4.960165E-16
3.8012098225  4.115611E-16
3.8013637214  3.553785E-16
3.8015176203  3.042028E-16
3.8016715192  3.856282E-16
3.8018254181  4.077132E-16
3.801979317  3.880327E-16
3.8021332159  3.022508E-16
3.8022871148  2.378246E-16
3.8024410137  2.269854E-16
3.8025949126  2.018658E-16
3.8027488115  1.967640E-16
3.8029027104  2.047845E-16
3.8030566093  2.314274E-16
3.8032105082  1.920753E-16
3.8033644071  1.260744E-16
3.803518306  4.914809E-17
3.8036722049  3.448096E-17
3.8038261038  7.224633E-17
3.8039800027  7.434166E-17
3.8041339016  1.121070E-16
3.8042878005  1.414912E-16
3.8044416994  2.726835E-16
3.8045955983  2.426711E-16
3.8047494972  1.642706E-16
3.8049033961  1.469677E-16
3.805057295  1.232624E-16
3.8052111939  1.149166E-16
3.8053650928  9.938561E-17
3.8055189917  2.849139E-17
3.8056728906  -1.010604E-16
3.8058267895  -7.127173E-17
3.8059806884  -3.666637E-18
3.8061345873  1.810243E-17
3.8062884862  3.370580E-17
3.8064423851  -3.601948E-18
3.806596284  -2.662490E-17
3.8067501829  2.178824E-17
3.8069040818  8.758419E-17
3.8070579807  1.409784E-16
3.8072118796  1.992583E-16
3.8073657785  2.060430E-16
3.8075196774  1.674055E-16
3.8076735763  2.025416E-16
3.8078274752  1.959270E-16
3.8079813741  5.091716E-17
3.808135273  1.424803E-16
3.8082891719  2.138298E-16
3.8084430708  3.659911E-16
3.8085969697  4.561172E-16
3.8087508686  3.764904E-16
3.8089047675  2.000730E-16
3.8090586664  1.206360E-16
3.8092125653  1.915173E-16
3.8093664642  1.661600E-16
3.8095203631  9.111663E-17
3.809674262  7.382596E-17
3.8098281609  4.295064E-16
3.8099820598  7.173342E-16
3.8101359587  5.572684E-16
3.8102898576  2.840389E-16
3.8104437565  1.271298E-16
3.8105976554  1.451487E-16
3.8107515543  9.901442E-17
3.8109054532  2.589187E-17
3.8110593521  -1.040571E-16
3.811213251  -1.456842E-16
3.8113671499  -1.503460E-16
3.8115210488  -8.903719E-17
3.8116749477  7.603606E-17
3.8118288466  7.396350E-17
3.8119827455  1.618361E-17
3.8121366444  1.184319E-17
3.8122905433  4.840807E-18
3.8124444422  -6.044864E-18
3.8125983411  -9.505907E-18
3.81275224  -9.924434E-18
3.8129061389  -4.309465E-18
3.8130600378  1.025761E-17
3.8132139367  9.737080E-18
3.8133678356  3.934217E-18
3.8135217345  3.668341E-18
3.8136756334  1.830200E-18
3.8138295323  -4.105728E-19
3.8139834312  -1.476590E-18
3.8141373301  -1.403812E-18
3.814291229  -5.271589E-19
3.8144451279  8.789423E-19
3.8145990268  9.503974E-19
3.8147529257  3.311634E-19
3.8149068246  5.823352E-22
3.8150607235  5.545154E-19
3.8152146224  8.799084E-19
3.8153685213  -8.635766E-19
3.8155224202  -3.278097E-18
3.8156763191  -4.495336E-18
3.815830218  -4.887221E-18
3.8159841169  -4.940028E-18
3.8161380158  -6.151100E-18
3.8162919147  -6.008375E-18
3.8164458136  -6.655932E-18
3.8165997125  -8.880876E-18
3.8167536114  -8.587908E-18
3.8169075103  -8.826348E-18
3.8170614092  -7.466172E-18
3.8172153081  -4.525909E-18
3.817369207  -6.994057E-18
3.8175231059  -1.589616E-17
3.8176770048  -3.120914E-17
3.8178309037  -4.578171E-17
3.8179848026  -5.579342E-17
3.8181387015  -7.151753E-17
3.8182926004  -8.721602E-17
3.8184464993  -9.750302E-17
3.8186003982  -9.075111E-17
3.8187542971  -5.776765E-17
3.818908196  -5.242710E-18
3.8190620949  5.159204E-17
3.8192159938  9.645694E-17
3.8193698927  1.353587E-16
3.8195237916  1.794153E-16
3.8196776905  2.192135E-16
3.8198315894  2.416321E-16
3.8199854883  2.318154E-16
3.8201393872  1.997756E-16
3.8202932861  8.151734E-17
3.820447185  -3.506981E-19
3.8206010839  -1.357730E-17
3.8207549828  1.239916E-16
3.8209088817  9.995015E-17
3.8210627806  3.606155E-17
3.8212166795  7.412915E-17
3.8213705784  -2.016852E-18
3.8215244773  -1.906248E-17
3.8216783762  3.434220E-17
3.8218322751  -3.574728E-17
3.821986174  -4.512246E-17
3.8221400729  6.258250E-17
3.8222939718  3.331115E-17
3.8224478707  -1.792009E-17
3.8226017696  -3.151362E-17
3.8227556685  -2.201241E-17
3.8229095674  4.031441E-17
3.8230634663  1.050453E-16
3.8232173652  6.318449E-17
3.8233712641  -7.692735E-17
3.823525163  -6.607763E-17
3.8236790619  -2.261578E-18
3.8238329608  -7.174932E-18
3.8239868597  5.881757E-17
3.8241407586  1.215942E-16
3.8242946575  2.600828E-18
3.8244485564  -7.046357E-17
3.8246024553  -8.603406E-19
3.8247563542  1.114752E-17
3.8249102531  8.394123E-18
3.825064152  -1.063695E-18
3.8252180509  3.577997E-17
3.8253719498  4.245439E-17
3.8255258487  4.107928E-17
3.8256797476  6.105789E-17
3.8258336465  3.273691E-17
3.8259875454  -8.394241E-17
3.8261414443  -1.228591E-16
3.8262953432  -1.444213E-17
3.8264492421  -3.213445E-17
3.826603141  -1.081658E-16
3.8267570399  -4.508890E-17
3.8269109388  1.315369E-16
3.8270648377  6.450953E-17
3.8272187366  -7.927272E-17
3.8273726355  -4.024481E-17
3.8275265344  7.124495E-17
3.8276804333  1.576783E-16
3.8278343322  1.246094E-16
3.8279882311  6.021736E-18
3.82814213  -1.918362E-17
3.8282960289  -6.426102E-17
3.8284499278  -1.169935E-16
3.8286038267  -6.241336E-17
3.8287577256  2.555517E-17
3.8289116245  1.732069E-17
3.8290655234  -5.909988E-17
3.8292194223  -3.518876E-17
3.8293733212  2.643866E-17
3.8295272201  2.592501E-17
3.829681119  3.321470E-17
3.8298350179  7.991261E-17
3.8299889168  3.300617E-17
3.8301428157  -8.802598E-17
3.8302967146  -6.897948E-17
3.8304506135  -5.317624E-17
3.8306045124  -1.931244E-17
3.8307584113  1.125062E-16
3.8309123102  -3.419295E-17
3.8310662091  -2.148701E-17
3.831220108  8.423389E-17
3.8313740069  9.389758E-17
3.8315279058  5.793091E-17
3.8316818047  6.439047E-17
3.8318357036  1.675765E-17
3.8319896025  -1.211527E-16
3.8321435014  -1.537678E-16
3.8322974003  -6.805312E-17
3.8324512992  4.528461E-18
3.8326051981  -1.231091E-17
3.832759097  7.734398E-17
3.8329129959  3.745989E-17
3.8330668948  -1.571201E-17
3.8332207937  1.542834E-17
3.8333746926  5.406053E-17
3.8335285915  -3.352734E-17
3.8336824904  -2.503160E-17
3.8338363893  4.542862E-17
3.8339902882  -1.315623E-17
3.8341441871  7.837791E-18
3.834298086  -4.430362E-17
3.8344519849  -3.391876E-17
3.8346058838  9.103753E-17
3.8347597827  8.219937E-17
3.8349136816  -7.174351E-17
3.8350675805  -5.331717E-17
3.8352214794  7.499532E-18
3.8353753783  1.366329E-18
3.8355292772  2.970748E-17
3.8356831761  4.633840E-17
3.835837075  4.207570E-17
3.8359909739  6.197236E-17
3.8361448728  9.749333E-17
3.8362987717  3.090059E-17
3.8364526706  -1.960495E-16
3.8366065695  -1.810492E-16
3.8367604684  8.381030E-17
3.8369143673  1.185893E-16
3.8370682662  6.404204E-18
3.8372221651  -3.672820E-17
3.837376064  -9.795915E-17
3.8375299629  -6.843666E-17
3.8376838618  6.603257E-18
3.8378377607  6.578503E-17
3.8379916596  3.804237E-17
3.8381455585  -8.515180E-17
3.8382994574  -1.219067E-16
3.8384533563  -1.906481E-17
3.8386072552  1.547201E-16
3.8387611541  8.083934E-17
3.838915053  -1.572470E-16
3.8390689519  -1.437267E-16
3.8392228508  2.689584E-17
3.8393767497  8.861066E-17
3.8395306486  4.720536E-17
3.8396845475  -9.133599E-17
3.8398384464  -1.120506E-16
3.8399923453  6.846991E-17
3.8401462442  -2.776849E-17
3.8403001431  -2.572858E-16
3.840454042  -2.343655E-16
3.8406079409  -2.490309E-16
3.8407618398  -1.657684E-16
3.8409157387  -4.976869E-17
3.8410696376  -1.823831E-17
3.8412235365  -7.124500E-17
3.8413774354  6.733912E-20
3.8415313343  -4.491795E-17
3.8416852332  -2.448095E-17
3.8418391321  -1.530229E-17
3.841993031  -8.637534E-17
3.8421469299  -1.705677E-16
3.8423008288  -6.641352E-17
3.8424547277  1.593523E-17
3.8426086266  -6.768556E-17
3.8427625255  -2.054368E-16
3.8429164244  -1.541208E-16
3.8430703233  -1.095510E-17
3.8432242222  3.575178E-17
3.8433781211  -1.608600E-17
3.84353202  -3.771520E-17
3.8436859189  1.007859E-16
3.8438398178  1.826025E-16
3.8439937167  -2.831928E-17
3.8441476156  -9.245682E-17
3.8443015145  -9.602940E-17
3.8444554134  2.606214E-17
3.8446093123  8.609836E-17
3.8447632112  1.141282E-16
3.8449171101  6.974914E-17
3.845071009  1.478911E-16
3.8452249079  2.661259E-16
3.8453788068  2.409104E-16
3.8455327057  1.553497E-16
3.8456866046  1.193340E-16
3.8458405035  -4.954169E-17
3.8459944024  -6.686478E-18
3.8461483013  2.136776E-16
3.8463022002  3.860162E-17
3.8464560991  -1.080225E-16
3.846609998  -1.402242E-17
3.8467638969  -4.072534E-18
3.8469177958  -8.157160E-17
3.8470716947  -9.928645E-17
3.8472255936  -3.230160E-17
3.8473794925  7.345554E-17
3.8475333914  4.116114E-17
3.8476872903  8.164508E-17
3.8478411892  1.420267E-16
3.8479950881  9.358126E-17
3.848148987  1.826633E-16
3.8483028859  2.712941E-16
3.8484567848  2.293469E-16
3.8486106837  3.305184E-16
3.8487645826  4.150788E-16
3.8489184815  3.783264E-16
3.8490723804  2.594377E-16
3.8492262793  2.896920E-16
3.8493801782  1.797611E-16
3.8495340771  7.714691E-17
3.849687976  1.022295E-16
3.8498418749  -2.333195E-17
3.8499957738  1.179493E-19
3.8501496727  7.673123E-17
3.8503035716  8.688673E-17
3.8504574705  1.207331E-16
3.8506113694  1.568392E-16
3.8507652683  6.314631E-17
3.8509191672  -1.016128E-16
3.8510730661  -5.712814E-18
3.851226965  2.688059E-18
3.8513808639  -8.044102E-17
3.8515347628  -2.321254E-16
3.8516886617  -2.705444E-17
3.8518425606  -3.171990E-17
3.8519964595  -1.020666E-16
3.8521503584  -3.626021E-17
3.8523042573  8.915848E-17
3.8524581562  1.064814E-16
3.8526120551  9.133408E-17
3.852765954  -5.002852E-17
3.8529198529  -9.822025E-17
3.8530737518  -2.499171E-18
3.8532276507  4.711451E-17
3.8533815496  9.956999E-17
3.8535354485  1.338714E-16
3.8536893474  -8.490447E-18
3.8538432463  -1.527984E-16
3.8539971452  -8.923238E-17
3.8541510441  6.532106E-17
3.854304943  1.702106E-16
3.8544588419  2.693289E-16
3.8546127408  4.825801E-16
3.8547666397  7.554945E-16
3.8549205386  8.332509E-16
3.8550744375  5.768339E-16
3.8552283364  2.578836E-16
3.8553822353  1.118549E-17
3.8555361342  -1.847176E-16
3.8556900331  -3.096397E-16
3.855843932  -2.608025E-16
3.8559978309  -1.940220E-16
3.8561517298  -1.125563E-16
3.8563056287  1.885353E-16
3.8564595276  2.969378E-16
3.8566134265  1.960454E-16
3.8567673254  1.648633E-16
3.8569212243  1.900846E-16
3.8570751232  7.880371E-17
3.8572290221  -9.010440E-17
3.857382921  7.606081E-17
3.8575368199  6.619838E-17
3.8576907188  -2.791259E-16
3.8578446177  -1.410026E-16
3.8579985166  7.990443E-17
3.8581524155  2.605298E-16
3.8583063144  -2.073706E-17
3.8584602133  -2.073706E-17
3.8586141122  -3.265079E-17
3.8587680111  -3.265079E-17
3.85892191  -5.066252E-17
3.8590758089  -6.257583E-17
3.8592297078  -7.448914E-17
3.8593836067  -2.087470E-17
3.8595375056  4.144045E-17
3.8596914045  -1.278539E-16
3.8598453034  -1.280297E-16
3.8599992023  -4.153024E-17
3.8601531012  1.514707E-18
3.8603070001  4.779892E-17
3.860460899  2.244002E-18
3.8606147979  -8.597151E-17
3.8607686968  -5.446951E-17
3.8609225957  3.284497E-17
3.8610764946  2.420841E-17
3.8612303935  -9.452041E-18
3.8613842924  6.646668E-17
3.8615381913  -5.671521E-18
3.8616920902  3.966909E-17
3.8618459891  4.312901E-17
3.861999888  1.817457E-17
3.8621537869  1.414714E-17
3.8623076858  1.464880E-17
3.8624615847  -6.462925E-17
3.8626154836  2.202068E-16
3.8627693825  8.464720E-16
3.8629232814  1.077106E-15
3.8630771803  1.004375E-15
3.8632310792  7.410537E-16
3.8633849781  5.377079E-16
3.863538877  4.958023E-16
3.8636927759  4.197567E-16
3.8638466748  5.525145E-16
3.8640005737  7.694672E-16
3.8641544726  8.243937E-16
3.8643083715  6.535973E-16
3.8644622704  4.986530E-16
3.8646161693  6.730852E-16
3.8647700682  1.016554E-15
3.8649239671  1.114428E-15
3.865077866  6.798062E-16
3.8652317649  3.711938E-16
3.8653856638  2.662631E-16
3.8655395627  2.364158E-16
3.8656934616  1.101863E-16
3.8658473605  6.727580E-17
3.8660012594  1.067270E-16
3.8661551583  1.673686E-16
3.8663090572  1.041668E-16
3.8664629561  -6.216735E-17
3.866616855  2.912819E-17
3.8667707539  2.683574E-16
3.8669246528  4.115320E-16
3.8670785517  1.741934E-16
3.8672324506  4.676829E-17
3.8673863495  2.567793E-16
3.8675402484  2.947001E-16
3.8676941473  1.150726E-16
3.8678480462  2.306693E-16
3.8680019451  3.020725E-16
3.868155844  2.718739E-16
3.8683097429  2.182109E-16
3.8684636418  2.495065E-16
3.8686175407  3.932619E-16
3.8687714396  2.966331E-16
3.8689253385  1.016503E-16
3.8690792374  7.195143E-17
3.8692331363  2.060594E-16
3.8693870352  2.717985E-16
3.8695409341  2.834100E-16
3.869694833  2.331426E-16
3.8698487319  2.468807E-16
3.8700026308  3.161000E-16
3.8701565297  3.830391E-16
3.8703104286  3.794172E-16
3.8704643275  2.848957E-16
3.8706182264  2.023498E-16
3.8707721253  1.324592E-16
3.8709260242  1.862198E-16
3.8710799231  2.437312E-16
3.871233822  3.831289E-16
3.8713877209  4.021751E-16
3.8715416198  2.544426E-16
3.8716955187  2.861099E-16
3.8718494176  3.679255E-16
3.8720033165  3.492639E-16
3.8721572154  3.578172E-16
3.8723111143  5.160756E-16
3.8724650132  6.283951E-16
3.8726189121  6.963773E-16
3.872772811  5.785341E-16
3.8729267099  4.935335E-16
3.8730806088  3.703241E-16
3.8732345077  2.885236E-16
3.8733884066  3.573020E-16
3.8735423055  5.026484E-16
3.8736962044  3.802193E-16
3.8738501033  1.831901E-16
3.8740040022  1.281398E-16
3.8741579011  -1.238354E-16
